# version 39
{"visible":[[[0,32400]]
,[[0,32400]]
,[[0,32400]]
,[[0,32400]]
,[[0,32400]]
,[[0,32400]]
,[[0,32400]]
,[[0,32400]]
,[[0,30847],[4,2],[0,1551]]
,[[0,23817],[4,1],[0,7029],[4,1],[0,1552]]
,[[0,2340],[3,2],[0,178],[3,4],[0,176],[3,6],[0,174],[3,7],[0,173],[3,9],[0,171],[3,10],[0,170],[3,11],[0,169],[3,13],[0,167],[3,14],[0,166],[3,15],[0,165],[3,16],[0,164],[3,17],[0,163],[3,17],[0,163],[3,18],[0,162],[3,19],[0,161],[3,20],[0,160],[3,20],[0,160],[3,21],[0,159],[3,5],[4,1],[3,16],[0,10],[4,2],[0,7],[4,1],[0,138],[3,3],[4,1],[3,1],[4,1],[3,16],[0,4],[4,4],[0,3],[4,1],[0,3],[4,1],[0,3],[4,1],[0,138],[3,3],[4,3],[3,17],[0,2],[4,2],[0,2],[4,1],[0,3],[4,1],[0,3],[4,1],[0,3],[4,1],[0,138],[3,5],[4,2],[3,16],[0,1],[4,2],[0,3],[4,1],[0,3],[4,1],[0,1],[4,13],[0,132],[3,6],[4,1],[3,17],[0,5],[4,1],[0,3],[4,1],[0,3],[4,1],[0,3],[4,1],[0,138],[3,6],[4,1],[3,17],[0,5],[4,1],[0,3],[4,1],[0,3],[4,1],[0,3],[4,1],[0,7],[4,1],[0,130],[3,6],[4,6],[3,12],[0,1],[4,25],[0,130],[4,1],[3,10],[4,4],[3,10],[0,4],[4,1],[0,3],[4,1],[0,3],[4,1],[0,3],[4,1],[0,138],[4,3],[3,11],[4,6],[3,5],[0,4],[4,1],[0,3],[4,1],[0,3],[4,1],[0,3],[4,1],[0,138],[4,4],[3,11],[4,1],[3,3],[4,30],[0,131],[4,5],[3,10],[4,1],[3,10],[0,3],[4,1],[0,3],[4,1],[0,3],[4,1],[0,8],[4,1],[0,2],[4,1],[0,130],[4,6],[3,9],[4,1],[3,10],[0,3],[4,1],[0,3],[4,1],[0,3],[4,1],[0,1],[4,1],[0,2],[4,1],[0,3],[4,1],[0,2],[4,1],[0,130],[4,6],[3,9],[4,1],[3,9],[4,13],[0,1],[4,1],[0,2],[4,8],[0,130],[4,7],[3,5],[4,1],[3,1],[4,2],[3,11],[4,1],[0,1],[4,1],[0,3],[4,1],[0,3],[4,1],[0,1],[4,1],[0,2],[4,1],[0,3],[4,1],[0,133],[4,8],[3,4],[4,3],[3,12],[4,1],[0,1],[4,1],[0,3],[4,1],[0,3],[4,1],[0,1],[4,1],[0,2],[4,1],[0,3],[4,1],[0,133],[4,8],[3,4],[4,1],[3,11],[4,14],[3,1],[4,10],[0,131],[4,8],[3,5],[4,1],[3,13],[4,1],[3,5],[4,1],[3,5],[4,1],[3,2],[4,1],[3,3],[4,1],[3,4],[0,129],[4,8],[3,5],[4,2],[3,12],[4,1],[3,5],[4,1],[3,5],[4,1],[3,2],[4,1],[3,3],[4,1],[3,6],[0,127],[4,9],[3,5],[4,2],[3,6],[4,21],[3,3],[4,1],[3,9],[0,124],[4,10],[3,5],[4,1],[3,11],[4,1],[3,5],[4,1],[3,12],[4,1],[3,11],[0,122],[4,10],[3,3],[4,3],[3,11],[4,1],[3,5],[4,1],[3,5],[4,1],[3,1],[4,1],[3,4],[4,1],[3,13],[0,120],[4,10],[3,3],[4,1],[3,13],[4,15],[3,4],[4,4],[3,11],[0,119],[4,10],[3,17],[4,1],[3,5],[4,1],[3,5],[4,1],[3,23],[0,117],[4,10],[3,17],[4,1],[3,5],[4,2],[3,4],[4,1],[3,24],[0,116],[4,10],[3,11],[4,12],[3,2],[4,9],[3,21],[0,115],[4,10],[3,17],[4,1],[3,4],[4,3],[3,4],[4,1],[3,27],[0,113],[4,10],[3,17],[4,1],[3,6],[4,1],[3,4],[4,1],[3,28],[0,112],[4,10],[3,17],[4,1],[3,6],[4,1],[3,4],[4,1],[3,29],[0,111],[4,10],[3,17],[4,1],[3,6],[4,1],[3,1],[4,1],[3,2],[4,1],[3,30],[0,110],[4,10],[3,17],[4,1],[3,5],[4,4],[3,34],[0,109],[4,10],[3,13],[4,5],[3,4],[4,2],[3,37],[0,109],[4,10],[3,12],[4,2],[3,8],[4,2],[3,38],[0,108],[4,10],[3,11],[4,2],[3,9],[4,1],[3,40],[0,107],[4,10],[3,22],[4,1],[3,41],[0,106],[4,10],[3,22],[4,1],[3,41],[0,106],[4,10],[3,16],[4,4],[3,2],[4,1],[3,17],[4,1],[3,24],[0,105],[4,10],[3,13],[4,4],[3,2],[4,1],[3,2],[4,1],[3,12],[4,11],[3,20],[0,104],[4,9],[3,13],[4,2],[3,5],[4,29],[3,18],[0,104],[4,8],[3,4],[4,11],[3,5],[4,32],[3,17],[0,103],[4,14],[3,2],[4,9],[3,1],[4,35],[3,16],[0,103],[4,62],[3,16],[0,102],[4,63],[3,15],[0,102],[4,64],[3,14],[0,102],[4,64],[3,15],[0,101],[4,65],[3,14],[0,101],[4,65],[3,15],[0,100],[4,66],[3,14],[0,100],[4,66],[3,14],[0,100],[4,66],[3,14],[0,100],[4,66],[3,15],[0,99],[4,66],[3,15],[0,99],[4,67],[3,14],[0,99],[4,66],[3,15],[0,99],[4,66],[3,15],[0,99],[4,66],[3,15],[0,99],[4,66],[3,15],[0,99],[4,66],[3,15],[0,99],[4,65],[3,16],[0,99],[4,65],[3,16],[2,1],[0,98],[4,64],[3,17],[0,99],[4,13],[3,2],[4,49],[3,17],[0,99],[4,12],[3,3],[4,48],[3,18],[0,99],[4,12],[3,4],[4,46],[3,19],[0,99],[4,10],[3,6],[4,45],[3,20],[0,99],[4,9],[3,7],[4,46],[3,19],[0,99],[3,17],[4,46],[3,18],[0,99],[3,17],[4,46],[3,18],[0,99],[3,17],[4,47],[3,17],[0,99],[3,18],[4,47],[3,15],[0,100],[3,18],[4,47],[3,15],[0,100],[3,19],[4,46],[3,15],[0,100],[3,20],[4,46],[3,14],[0,100],[3,21],[4,45],[3,13],[0,101],[3,21],[4,45],[3,13],[0,101],[3,22],[4,44],[3,12],[0,102],[3,24],[4,42],[3,12],[0,102],[3,25],[4,41],[3,12],[0,102],[3,26],[4,39],[3,12],[0,103],[3,28],[4,37],[3,12],[0,103],[3,31],[4,33],[3,12],[0,104],[3,27],[4,2],[3,13],[4,22],[3,12],[0,104],[3,28],[4,1],[3,12],[4,19],[3,15],[0,105],[3,28],[4,3],[3,10],[4,19],[3,14],[0,106],[3,30],[4,1],[3,11],[4,17],[3,15],[0,108],[3,40],[4,15],[3,17],[0,109],[3,38],[4,15],[3,19],[0,109],[3,37],[4,14],[3,21],[0,108],[3,21],[4,7],[3,8],[4,13],[3,24],[0,108],[3,19],[4,11],[3,5],[4,12],[3,26],[0,108],[3,16],[4,13],[3,4],[4,13],[3,26],[0,109],[3,14],[4,16],[3,2],[4,12],[3,2],[4,9],[3,17],[0,109],[3,12],[4,44],[3,15],[0,101],[3,1],[0,9],[3,8],[4,47],[3,15],[0,100],[3,4],[0,1],[2,1],[3,9],[4,51],[3,14],[0,100],[3,14],[4,53],[3,13],[0,100],[3,7],[4,1],[3,5],[4,55],[3,13],[0,99],[3,7],[4,62],[3,12],[0,99],[3,6],[4,63],[3,12],[0,99],[3,5],[4,64],[3,12],[0,99],[3,5],[4,64],[3,12],[0,99],[3,5],[4,64],[3,12],[0,99],[3,4],[4,65],[3,15],[0,96],[3,3],[4,66],[3,15],[0,96],[3,2],[4,67],[3,17],[0,94],[3,1],[4,68],[3,17],[0,94],[4,69],[3,18],[0,93],[4,68],[3,19],[0,93],[4,68],[3,7],[4,9],[3,3],[0,93],[4,21],[0,2],[4,1],[3,4],[4,39],[3,6],[4,12],[3,1],[2,1],[0,1],[3,2],[0,90],[4,21],[0,1],[4,1],[0,2],[3,9],[4,33],[3,5],[4,15],[3,3],[0,90],[4,20],[3,1],[4,5],[3,8],[4,33],[3,2],[4,18],[3,2],[0,91],[4,22],[0,3],[4,1],[3,9],[4,52],[3,1],[0,92],[4,20],[0,5],[4,1],[3,10],[4,51],[0,93],[4,20],[0,5],[4,2],[3,9],[4,50],[0,94],[4,19],[0,7],[4,4],[3,8],[4,50],[0,92],[4,18],[0,9],[4,2],[3,10],[4,49],[0,3],[3,3],[0,86],[4,18],[0,9],[4,1],[0,3],[2,1],[3,9],[4,45],[0,1],[3,1],[0,1],[3,3],[0,1],[3,2],[0,85],[4,18],[0,9],[4,2],[0,2],[3,12],[4,43],[3,9],[0,85],[4,15],[3,2],[0,11],[4,1],[0,2],[3,14],[4,41],[3,9],[0,85],[4,15],[3,3],[0,10],[4,1],[0,2],[3,15],[4,40],[3,9],[0,85],[4,15],[3,5],[0,8],[4,1],[0,3],[3,15],[4,39],[3,4],[0,90],[4,16],[3,4],[0,8],[4,1],[0,3],[3,15],[4,40],[3,9],[0,84],[4,16],[3,4],[0,8],[4,1],[0,3],[3,16],[4,39],[3,9],[0,84],[4,15],[3,5],[0,8],[4,2],[0,3],[3,16],[4,38],[3,9],[0,84],[4,10],[3,10],[0,9],[4,2],[0,4],[3,14],[4,38],[3,9],[0,84],[4,10],[3,10],[0,10],[4,1],[0,6],[3,15],[4,33],[3,11],[0,84],[4,9],[3,11],[0,10],[4,1],[0,7],[2,1],[3,13],[4,1],[3,1],[4,31],[3,11],[0,84],[4,8],[3,11],[2,1],[0,10],[4,1],[0,8],[3,14],[4,32],[3,10],[0,85],[4,8],[3,11],[0,11],[4,1],[0,9],[3,12],[4,32],[3,11],[0,85],[4,7],[3,12],[0,11],[4,1],[0,10],[3,12],[4,1],[3,1],[4,1],[3,1],[4,26],[3,12],[0,85],[4,7],[3,12],[2,1],[0,21],[2,1],[3,15],[4,24],[3,1],[4,1],[3,12],[0,85],[4,7],[3,12],[2,1],[0,23],[3,14],[4,25],[3,12],[0,86],[4,7],[3,12],[0,25],[3,12],[4,24],[3,13],[0,87],[4,7],[3,12],[0,25],[3,12],[4,22],[3,15],[0,87],[4,7],[3,12],[0,25],[3,4],[4,2],[3,7],[4,21],[3,14],[0,88],[4,7],[3,12],[0,25],[2,1],[3,4],[4,1],[3,6],[4,22],[3,13],[2,1],[0,88],[4,6],[3,13],[0,26],[3,11],[4,22],[3,13],[0,89],[4,6],[3,13],[0,27],[3,10],[4,22],[3,11],[0,91],[4,6],[3,8],[4,2],[3,2],[0,28],[3,11],[4,21],[3,11],[0,91],[4,4],[3,1],[4,3],[3,3],[4,4],[3,3],[0,4],[4,1],[0,23],[3,11],[4,21],[3,11],[0,91],[4,3],[3,4],[4,5],[3,1],[4,1],[3,4],[0,3],[4,2],[0,23],[3,12],[4,19],[3,12],[0,91],[4,2],[3,11],[4,1],[3,3],[0,4],[4,1],[0,24],[3,12],[4,19],[3,12],[0,91],[3,12],[4,2],[3,3],[0,4],[4,1],[0,25],[3,11],[4,19],[3,11],[0,92],[3,12],[4,1],[3,2],[4,5],[0,1],[4,1],[0,25],[3,11],[4,19],[3,11],[0,92],[3,12],[4,4],[0,3],[4,3],[0,25],[3,12],[4,18],[3,11],[0,92],[3,15],[0,6],[4,2],[0,25],[3,11],[4,17],[3,11],[0,93],[3,14],[0,8],[4,2],[0,24],[3,13],[4,14],[3,12],[0,93],[3,13],[0,36],[3,12],[4,14],[3,11],[0,94],[3,12],[0,38],[3,12],[4,11],[3,13],[0,94]]
,[[0,2340],[3,2],[0,178],[3,4],[0,176],[3,6],[0,174],[3,7],[0,173],[3,9],[0,171],[3,10],[0,170],[3,11],[0,169],[3,13],[0,167],[3,14],[0,166],[3,15],[0,165],[3,16],[0,164],[3,17],[0,163],[3,17],[0,163],[3,18],[0,162],[3,19],[0,161],[3,20],[0,160],[3,20],[0,160],[3,21],[0,159],[3,22],[0,158],[3,22],[0,158],[3,23],[0,157],[3,23],[0,157],[3,24],[0,156],[3,24],[0,156],[3,24],[0,156],[3,25],[0,155],[3,25],[0,155],[4,1],[3,25],[0,154],[4,2],[3,24],[0,154],[4,3],[3,23],[0,154],[4,3],[3,23],[0,154],[4,4],[3,23],[0,153],[4,4],[3,23],[0,10],[2,1],[0,142],[4,4],[3,23],[0,1],[3,19],[0,133],[4,5],[3,46],[0,129],[4,5],[3,48],[0,127],[4,5],[3,51],[0,124],[4,5],[3,53],[0,122],[4,5],[3,55],[0,120],[4,5],[3,56],[0,119],[4,5],[3,58],[0,117],[4,5],[3,59],[0,116],[4,5],[3,60],[0,115],[4,5],[3,62],[0,113],[4,5],[3,63],[0,112],[4,5],[3,64],[0,111],[4,5],[3,65],[0,110],[4,4],[3,67],[0,109],[4,4],[3,67],[0,109],[4,4],[3,68],[0,108],[4,3],[3,70],[0,107],[4,3],[3,71],[0,106],[4,2],[3,72],[0,106],[4,1],[3,74],[0,105],[3,76],[0,104],[3,31],[4,13],[3,32],[0,104],[3,28],[4,19],[3,30],[0,103],[3,26],[4,23],[3,28],[0,103],[3,25],[4,25],[3,28],[0,102],[3,24],[4,27],[3,27],[0,102],[3,22],[4,31],[3,25],[0,102],[3,21],[4,33],[3,25],[0,101],[3,21],[4,33],[3,25],[0,101],[3,20],[4,35],[3,25],[0,100],[3,19],[4,37],[3,24],[0,100],[3,18],[4,39],[3,23],[0,100],[3,18],[4,39],[3,23],[0,100],[3,17],[4,41],[3,23],[0,99],[3,17],[4,41],[3,23],[0,99],[3,17],[4,41],[3,23],[0,99],[3,16],[4,43],[3,22],[0,99],[3,16],[4,43],[3,22],[0,99],[3,16],[4,43],[3,22],[0,99],[3,16],[4,43],[3,22],[0,99],[3,16],[4,43],[3,22],[0,99],[3,16],[4,43],[3,22],[0,99],[3,16],[4,43],[3,22],[2,1],[0,98],[3,16],[4,43],[3,22],[0,99],[3,16],[4,43],[3,22],[0,99],[3,16],[4,43],[3,22],[0,99],[3,16],[4,43],[3,22],[0,99],[3,16],[4,43],[3,22],[0,99],[3,16],[4,43],[3,22],[0,99],[3,17],[4,41],[3,23],[0,99],[3,17],[4,41],[3,23],[0,99],[3,17],[4,41],[3,23],[0,99],[3,18],[4,39],[3,23],[0,100],[3,18],[4,39],[3,23],[0,100],[3,19],[4,37],[3,24],[0,100],[3,20],[4,35],[3,25],[0,100],[3,21],[4,33],[3,25],[0,101],[3,21],[4,33],[3,25],[0,101],[3,22],[4,31],[3,25],[0,102],[3,24],[4,27],[3,27],[0,102],[3,25],[4,25],[3,28],[0,102],[3,26],[4,23],[3,28],[0,103],[3,28],[4,19],[3,30],[0,103],[3,31],[4,13],[3,32],[0,104],[3,76],[0,104],[3,75],[0,106],[3,73],[0,107],[3,73],[0,108],[3,72],[0,109],[3,72],[0,109],[3,72],[0,108],[3,73],[0,108],[3,73],[0,108],[3,72],[0,109],[3,46],[4,9],[3,17],[0,109],[3,43],[4,13],[3,15],[0,111],[3,40],[4,15],[3,15],[0,111],[3,38],[4,17],[3,14],[0,112],[3,36],[4,19],[3,13],[0,114],[3,33],[4,21],[3,13],[0,114],[3,32],[4,21],[3,13],[0,116],[3,29],[4,23],[3,12],[0,118],[3,27],[4,23],[3,12],[0,121],[3,24],[4,23],[3,12],[0,123],[3,22],[4,23],[3,12],[0,127],[3,18],[4,23],[3,12],[2,1],[0,132],[3,12],[4,23],[3,12],[0,99],[3,1],[0,33],[3,12],[4,23],[3,12],[0,99],[3,3],[0,21],[4,1],[0,9],[3,12],[4,23],[3,12],[0,99],[3,5],[0,29],[3,12],[4,23],[3,12],[0,99],[3,6],[0,28],[3,13],[4,21],[3,13],[0,99],[3,7],[0,27],[3,13],[4,21],[3,13],[0,99],[3,8],[0,27],[3,13],[4,19],[3,13],[0,100],[3,9],[0,26],[3,14],[4,17],[3,14],[0,100],[3,10],[0,25],[3,15],[4,15],[3,15],[0,100],[3,11],[0,25],[3,15],[4,13],[3,15],[0,101],[3,12],[0,24],[3,17],[4,9],[3,17],[0,101],[3,12],[0,25],[3,41],[0,102],[3,13],[4,1],[0,23],[3,41],[0,102],[3,14],[0,24],[3,39],[0,103],[3,15],[0,24],[3,40],[0,101],[3,16],[0,24],[3,40],[0,100],[4,1],[3,15],[0,25],[3,40],[0,99],[4,2],[3,15],[0,25],[3,41],[0,97],[4,2],[3,15],[0,26],[3,41],[0,96],[4,3],[3,15],[0,26],[3,40],[0,96],[4,4],[3,14],[0,28],[3,39],[0,95],[4,5],[3,13],[0,30],[3,38],[0,94],[4,6],[3,13],[0,29],[3,39],[0,93],[4,6],[3,13],[0,29],[3,15],[4,9],[3,15],[0,93],[4,7],[3,12],[0,28],[3,14],[4,13],[3,14],[0,92],[4,7],[3,12],[0,28],[3,13],[4,15],[3,13],[0,92],[4,7],[3,12],[0,28],[3,12],[4,17],[3,12],[0,92],[4,7],[3,12],[0,27],[3,12],[4,19],[3,12],[0,91],[4,7],[3,12],[2,1],[0,26],[3,12],[4,19],[3,12],[0,91],[4,7],[3,12],[2,1],[0,26],[3,11],[4,21],[3,11],[0,91],[4,7],[3,12],[0,27],[3,11],[4,21],[3,11],[0,91],[4,7],[3,12],[0,27],[3,11],[4,21],[3,11],[0,91],[4,7],[3,12],[0,27],[3,11],[4,21],[3,11],[0,91],[4,7],[3,12],[0,26],[2,1],[3,11],[4,21],[3,11],[2,1],[0,90],[4,6],[3,13],[0,27],[3,11],[4,21],[3,11],[0,91],[4,6],[3,13],[0,27],[3,11],[4,21],[3,11],[0,91],[4,5],[3,13],[0,28],[3,11],[4,21],[3,11],[0,91],[4,4],[3,14],[0,28],[3,11],[4,21],[3,11],[0,91],[4,3],[3,15],[0,28],[3,12],[4,19],[3,12],[0,91],[4,2],[3,15],[0,29],[3,12],[4,19],[3,12],[0,91],[3,17],[0,30],[3,12],[4,17],[3,12],[0,92],[3,16],[0,31],[3,13],[4,15],[3,13],[0,92],[3,16],[0,31],[3,14],[4,13],[3,14],[0,92],[3,15],[0,33],[3,15],[4,9],[3,15],[0,93],[3,14],[0,34],[3,39],[0,93],[3,13],[0,36],[3,37],[0,94],[3,12],[0,38],[3,35],[0,95]]
,[[0,2340],[3,2],[0,178],[3,4],[0,176],[3,6],[0,174],[3,7],[0,173],[3,9],[0,171],[3,10],[0,170],[3,11],[0,169],[3,13],[0,167],[3,14],[0,166],[3,15],[0,165],[3,16],[0,164],[3,17],[0,163],[3,17],[0,163],[3,18],[0,162],[3,19],[0,161],[3,20],[0,160],[3,20],[0,160],[3,21],[0,159],[3,22],[0,158],[3,22],[0,158],[3,23],[0,157],[3,23],[0,157],[3,24],[0,156],[3,24],[0,156],[3,24],[0,156],[3,25],[0,155],[3,25],[0,155],[4,1],[3,25],[0,154],[4,2],[3,24],[0,154],[4,3],[3,23],[0,154],[4,3],[3,23],[0,154],[4,4],[3,23],[0,153],[4,4],[3,23],[0,10],[2,1],[0,142],[4,4],[3,23],[0,1],[3,19],[0,133],[4,5],[3,46],[0,129],[4,5],[3,48],[0,127],[4,5],[3,51],[0,124],[4,5],[3,53],[0,122],[4,5],[3,55],[0,120],[4,5],[3,56],[0,119],[4,5],[3,58],[0,117],[4,5],[3,59],[0,116],[4,5],[3,60],[0,115],[4,5],[3,62],[0,113],[4,5],[3,63],[0,112],[4,5],[3,64],[0,111],[4,5],[3,65],[0,110],[4,4],[3,67],[0,109],[4,4],[3,67],[0,109],[4,4],[3,68],[0,108],[4,3],[3,70],[0,107],[4,3],[3,71],[0,106],[4,2],[3,72],[0,106],[4,1],[3,74],[0,105],[3,76],[0,104],[3,31],[4,13],[3,32],[0,104],[3,28],[4,19],[3,30],[0,103],[3,26],[4,23],[3,28],[0,103],[3,25],[4,25],[3,28],[0,102],[3,24],[4,27],[3,27],[0,102],[3,22],[4,31],[3,25],[0,102],[3,21],[4,33],[3,25],[0,101],[3,21],[4,33],[3,25],[0,101],[3,20],[4,35],[3,25],[0,100],[3,19],[4,37],[3,24],[0,100],[3,18],[4,39],[3,23],[0,100],[3,18],[4,39],[3,23],[0,100],[3,17],[4,41],[3,23],[0,99],[3,17],[4,41],[3,23],[0,99],[3,17],[4,41],[3,23],[0,99],[3,16],[4,43],[3,22],[0,99],[3,16],[4,43],[3,22],[0,99],[3,16],[4,43],[3,22],[0,99],[3,16],[4,43],[3,22],[0,99],[3,16],[4,43],[3,22],[0,99],[3,16],[4,43],[3,22],[0,99],[3,16],[4,43],[3,22],[2,1],[0,98],[3,16],[4,43],[3,22],[0,99],[3,16],[4,43],[3,22],[0,99],[3,16],[4,43],[3,22],[0,99],[3,16],[4,43],[3,22],[0,99],[3,16],[4,43],[3,22],[0,99],[3,16],[4,43],[3,22],[0,99],[3,17],[4,41],[3,23],[0,99],[3,17],[4,41],[3,23],[0,99],[3,17],[4,41],[3,23],[0,99],[3,18],[4,39],[3,23],[0,100],[3,18],[4,39],[3,23],[0,100],[3,19],[4,37],[3,24],[0,100],[3,20],[4,35],[3,25],[0,100],[3,21],[4,33],[3,25],[0,101],[3,21],[4,33],[3,25],[0,101],[3,22],[4,31],[3,25],[0,102],[3,24],[4,27],[3,27],[0,102],[3,25],[4,25],[3,28],[0,102],[3,26],[4,23],[3,28],[0,103],[3,28],[4,19],[3,30],[0,103],[3,31],[4,13],[3,32],[0,104],[3,76],[0,104],[3,75],[0,106],[3,73],[0,107],[3,73],[0,108],[3,71],[0,110],[3,69],[0,112],[3,67],[0,113],[3,67],[0,114],[3,65],[0,116],[3,63],[0,118],[3,61],[0,120],[3,59],[0,123],[3,55],[0,126],[3,53],[0,128],[3,51],[0,131],[3,47],[0,134],[3,45],[0,137],[3,41],[0,141],[3,37],[0,146],[3,31],[0,151],[3,27],[0,157],[3,19],[0,170],[2,1],[0,2009],[2,1],[0,173],[3,13],[0,164],[3,19],[0,159],[3,23],[0,156],[3,25],[0,154],[3,27],[0,151],[3,31],[0,148],[3,33],[0,147],[3,33],[0,146],[3,35],[0,144],[3,37],[0,142],[3,39],[0,141],[3,15],[4,9],[3,15],[0,140],[3,14],[4,13],[3,14],[0,139],[3,13],[4,15],[3,13],[0,139],[3,12],[4,17],[3,12],[0,138],[3,12],[4,19],[3,12],[0,137],[3,12],[4,19],[3,12],[0,137],[3,11],[4,21],[3,11],[0,137],[3,11],[4,21],[3,11],[0,137],[3,11],[4,21],[3,11],[0,137],[3,11],[4,21],[3,11],[0,136],[2,1],[3,11],[4,21],[3,11],[2,1],[0,136],[3,11],[4,21],[3,11],[0,137],[3,11],[4,21],[3,11],[0,137],[3,11],[4,21],[3,11],[0,137],[3,11],[4,21],[3,11],[0,137],[3,12],[4,19],[3,12],[0,137],[3,12],[4,19],[3,12],[0,138],[3,12],[4,17],[3,12],[0,139],[3,13],[4,15],[3,13],[0,139],[3,14],[4,13],[3,14],[0,140],[3,15],[4,9],[3,15],[0,141],[3,39],[0,142],[3,37],[0,144],[3,35],[0,95]]
,[[0,2340],[3,2],[0,178],[3,4],[0,176],[3,6],[0,174],[3,7],[0,173],[3,9],[0,171],[3,10],[0,170],[3,11],[0,169],[3,13],[0,167],[3,14],[0,166],[3,15],[0,165],[3,16],[0,164],[3,17],[0,163],[3,17],[0,163],[3,18],[0,162],[3,19],[0,161],[3,20],[0,160],[3,20],[0,160],[3,21],[0,159],[3,22],[0,158],[3,22],[0,158],[3,23],[0,157],[3,23],[0,157],[3,24],[0,156],[3,24],[0,156],[3,24],[0,156],[3,25],[0,155],[3,25],[0,155],[4,1],[3,25],[0,154],[4,2],[3,24],[0,154],[4,3],[3,23],[0,154],[4,3],[3,23],[0,154],[4,4],[3,23],[0,153],[4,4],[3,23],[0,10],[2,1],[0,142],[4,4],[3,23],[0,1],[3,19],[0,133],[4,5],[3,46],[0,129],[4,5],[3,48],[0,127],[4,5],[3,51],[0,124],[4,5],[3,53],[0,122],[4,5],[3,55],[0,120],[4,5],[3,56],[0,119],[4,5],[3,58],[0,117],[4,5],[3,59],[0,116],[4,5],[3,60],[0,115],[4,5],[3,62],[0,113],[4,5],[3,63],[0,112],[4,5],[3,64],[0,111],[4,5],[3,65],[0,110],[4,4],[3,67],[0,109],[4,4],[3,67],[0,109],[4,4],[3,68],[0,108],[4,3],[3,70],[0,107],[4,3],[3,71],[0,106],[4,2],[3,72],[0,106],[4,1],[3,74],[0,105],[3,76],[0,104],[3,31],[4,13],[3,32],[0,104],[3,28],[4,19],[3,30],[0,103],[3,26],[4,23],[3,28],[0,103],[3,25],[4,25],[3,28],[0,102],[3,24],[4,27],[3,27],[0,102],[3,22],[4,31],[3,25],[0,102],[3,21],[4,33],[3,25],[0,101],[3,21],[4,33],[3,25],[0,101],[3,20],[4,35],[3,25],[0,100],[3,19],[4,37],[3,24],[0,100],[3,18],[4,39],[3,23],[0,100],[3,18],[4,39],[3,23],[0,100],[3,17],[4,41],[3,23],[0,99],[3,17],[4,41],[3,23],[0,99],[3,17],[4,41],[3,23],[0,99],[3,16],[4,43],[3,22],[0,99],[3,16],[4,43],[3,22],[0,99],[3,16],[4,43],[3,22],[0,99],[3,16],[4,43],[3,22],[0,99],[3,16],[4,43],[3,22],[0,99],[3,16],[4,43],[3,22],[0,99],[3,16],[4,43],[3,22],[2,1],[0,98],[3,16],[4,43],[3,22],[0,99],[3,16],[4,43],[3,22],[0,99],[3,16],[4,43],[3,22],[0,99],[3,16],[4,43],[3,22],[0,99],[3,16],[4,43],[3,22],[0,99],[3,16],[4,43],[3,22],[0,99],[3,17],[4,41],[3,23],[0,99],[3,17],[4,41],[3,23],[0,99],[3,17],[4,41],[3,23],[0,99],[3,18],[4,39],[3,23],[0,100],[3,18],[4,39],[3,23],[0,100],[3,19],[4,37],[3,24],[0,100],[3,20],[4,35],[3,25],[0,100],[3,21],[4,33],[3,25],[0,101],[3,21],[4,33],[3,25],[0,101],[3,22],[4,31],[3,25],[0,102],[3,24],[4,27],[3,27],[0,102],[3,25],[4,25],[3,28],[0,102],[3,26],[4,23],[3,28],[0,103],[3,28],[4,19],[3,30],[0,103],[3,31],[4,13],[3,32],[0,104],[3,76],[0,104],[3,75],[0,106],[3,73],[0,107],[3,73],[0,108],[3,71],[0,110],[3,69],[0,112],[3,67],[0,113],[3,67],[0,114],[3,65],[0,116],[3,63],[0,118],[3,61],[0,120],[3,59],[0,123],[3,55],[0,126],[3,53],[0,128],[3,51],[0,131],[3,47],[0,134],[3,45],[0,137],[3,41],[0,141],[3,37],[0,146],[3,31],[0,151],[3,27],[0,157],[3,19],[0,170],[2,1],[0,2009],[2,1],[0,173],[3,13],[0,164],[3,19],[0,159],[3,23],[0,156],[3,25],[0,154],[3,27],[0,151],[3,31],[0,148],[3,33],[0,147],[3,33],[0,146],[3,35],[0,144],[3,37],[0,142],[3,39],[0,141],[3,15],[4,9],[3,15],[0,140],[3,14],[4,13],[3,14],[0,139],[3,13],[4,15],[3,13],[0,139],[3,12],[4,17],[3,12],[0,138],[3,12],[4,19],[3,12],[0,137],[3,12],[4,19],[3,12],[0,137],[3,11],[4,21],[3,11],[0,137],[3,11],[4,21],[3,11],[0,137],[3,11],[4,21],[3,11],[0,137],[3,11],[4,21],[3,11],[0,136],[2,1],[3,11],[4,21],[3,11],[2,1],[0,136],[3,11],[4,21],[3,11],[0,137],[3,11],[4,21],[3,11],[0,137],[3,11],[4,21],[3,11],[0,137],[3,11],[4,21],[3,11],[0,137],[3,12],[4,19],[3,12],[0,137],[3,12],[4,19],[3,12],[0,138],[3,12],[4,17],[3,12],[0,139],[3,13],[4,15],[3,13],[0,139],[3,14],[4,13],[3,14],[0,140],[3,15],[4,9],[3,15],[0,141],[3,39],[0,142],[3,37],[0,144],[3,35],[0,95]]
,[[0,2340],[3,2],[0,178],[3,4],[0,176],[3,6],[0,174],[3,7],[0,173],[3,9],[0,171],[3,10],[0,170],[3,11],[0,169],[3,13],[0,167],[3,14],[0,166],[3,15],[0,165],[3,16],[0,164],[3,17],[0,163],[3,17],[0,163],[3,18],[0,162],[3,19],[0,161],[3,20],[0,160],[3,20],[0,160],[3,21],[0,159],[3,22],[0,158],[3,22],[0,158],[3,23],[0,157],[3,23],[0,157],[3,24],[0,156],[3,24],[0,156],[3,24],[0,156],[3,25],[0,155],[3,25],[0,155],[4,1],[3,25],[0,154],[4,2],[3,24],[0,154],[4,3],[3,23],[0,154],[4,3],[3,23],[0,154],[4,4],[3,23],[0,153],[4,4],[3,23],[0,10],[2,1],[0,142],[4,4],[3,23],[0,1],[3,19],[0,133],[4,5],[3,46],[0,129],[4,5],[3,48],[0,127],[4,5],[3,51],[0,124],[4,5],[3,53],[0,122],[4,5],[3,55],[0,120],[4,5],[3,56],[0,119],[4,5],[3,58],[0,117],[4,5],[3,59],[0,116],[4,5],[3,60],[0,115],[4,5],[3,62],[0,113],[4,5],[3,63],[0,112],[4,5],[3,64],[0,111],[4,5],[3,65],[0,110],[4,4],[3,67],[0,109],[4,4],[3,67],[0,109],[4,4],[3,68],[0,108],[4,3],[3,70],[0,107],[4,3],[3,71],[0,106],[4,2],[3,72],[0,106],[4,1],[3,74],[0,105],[3,76],[0,104],[3,31],[4,13],[3,32],[0,104],[3,28],[4,19],[3,30],[0,103],[3,26],[4,23],[3,28],[0,103],[3,25],[4,25],[3,28],[0,102],[3,24],[4,27],[3,27],[0,102],[3,22],[4,31],[3,25],[0,102],[3,21],[4,33],[3,25],[0,101],[3,21],[4,33],[3,25],[0,101],[3,20],[4,35],[3,25],[0,100],[3,19],[4,37],[3,24],[0,100],[3,18],[4,39],[3,23],[0,100],[3,18],[4,39],[3,23],[0,100],[3,17],[4,41],[3,23],[0,99],[3,17],[4,41],[3,23],[0,99],[3,17],[4,41],[3,23],[0,99],[3,16],[4,43],[3,22],[0,99],[3,16],[4,43],[3,22],[0,99],[3,16],[4,43],[3,22],[0,99],[3,16],[4,43],[3,22],[0,99],[3,16],[4,43],[3,22],[0,99],[3,16],[4,43],[3,22],[0,99],[3,16],[4,43],[3,22],[2,1],[0,98],[3,16],[4,43],[3,22],[0,99],[3,16],[4,43],[3,22],[0,99],[3,16],[4,43],[3,22],[0,99],[3,16],[4,43],[3,22],[0,99],[3,16],[4,43],[3,22],[0,99],[3,16],[4,43],[3,22],[0,99],[3,17],[4,41],[3,23],[0,99],[3,17],[4,41],[3,23],[0,99],[3,17],[4,41],[3,23],[0,99],[3,18],[4,39],[3,23],[0,100],[3,18],[4,39],[3,23],[0,100],[3,19],[4,37],[3,24],[0,100],[3,20],[4,35],[3,25],[0,100],[3,21],[4,33],[3,25],[0,101],[3,21],[4,33],[3,25],[0,101],[3,22],[4,31],[3,25],[0,102],[3,24],[4,27],[3,27],[0,102],[3,25],[4,25],[3,28],[0,102],[3,26],[4,23],[3,28],[0,103],[3,28],[4,19],[3,30],[0,103],[3,31],[4,13],[3,32],[0,104],[3,76],[0,104],[3,75],[0,106],[3,73],[0,107],[3,73],[0,108],[3,71],[0,110],[3,69],[0,112],[3,67],[0,113],[3,67],[0,114],[3,65],[0,116],[3,63],[0,118],[3,61],[0,120],[3,59],[0,123],[3,55],[0,126],[3,53],[0,128],[3,51],[0,131],[3,47],[0,134],[3,45],[0,137],[3,41],[0,141],[3,37],[0,146],[3,31],[0,151],[3,27],[0,157],[3,19],[0,170],[2,1],[0,2009],[2,1],[0,173],[3,13],[0,164],[3,19],[0,159],[3,23],[0,156],[3,25],[0,154],[3,27],[0,151],[3,31],[0,148],[3,33],[0,147],[3,33],[0,146],[3,35],[0,144],[3,37],[0,142],[3,39],[0,141],[3,15],[4,9],[3,15],[0,140],[3,14],[4,13],[3,14],[0,139],[3,13],[4,15],[3,13],[0,139],[3,12],[4,17],[3,12],[0,138],[3,12],[4,19],[3,12],[0,137],[3,12],[4,19],[3,12],[0,137],[3,11],[4,21],[3,11],[0,137],[3,11],[4,21],[3,11],[0,137],[3,11],[4,21],[3,11],[0,137],[3,11],[4,21],[3,11],[0,136],[2,1],[3,11],[4,21],[3,11],[2,1],[0,136],[3,11],[4,21],[3,11],[0,137],[3,11],[4,21],[3,11],[0,137],[3,11],[4,21],[3,11],[0,137],[3,11],[4,21],[3,11],[0,137],[3,12],[4,19],[3,12],[0,137],[3,12],[4,19],[3,12],[0,138],[3,12],[4,17],[3,12],[0,139],[3,13],[4,15],[3,13],[0,139],[3,14],[4,13],[3,14],[0,140],[3,15],[4,9],[3,15],[0,141],[3,39],[0,142],[3,37],[0,144],[3,35],[0,95]]
,[[0,2340],[3,2],[0,178],[3,4],[0,176],[3,6],[0,174],[3,7],[0,173],[3,9],[0,171],[3,10],[0,170],[3,11],[0,169],[3,13],[0,167],[3,14],[0,166],[3,15],[0,165],[3,16],[0,164],[3,17],[0,163],[3,17],[0,163],[3,18],[0,162],[3,19],[0,161],[3,20],[0,160],[3,20],[0,160],[3,21],[0,159],[3,22],[0,158],[3,22],[0,158],[3,23],[0,157],[3,23],[0,157],[3,24],[0,156],[3,24],[0,156],[3,24],[0,156],[3,25],[0,155],[3,25],[0,155],[4,1],[3,25],[0,154],[4,2],[3,24],[0,154],[4,3],[3,23],[0,154],[4,3],[3,23],[0,154],[4,4],[3,23],[0,153],[4,4],[3,23],[0,10],[2,1],[0,142],[4,4],[3,23],[0,1],[3,19],[0,133],[4,5],[3,46],[0,129],[4,5],[3,48],[0,127],[4,5],[3,51],[0,124],[4,5],[3,53],[0,122],[4,5],[3,55],[0,120],[4,5],[3,56],[0,119],[4,5],[3,58],[0,117],[4,5],[3,59],[0,116],[4,5],[3,60],[0,115],[4,5],[3,62],[0,113],[4,5],[3,63],[0,112],[4,5],[3,64],[0,111],[4,5],[3,65],[0,110],[4,4],[3,67],[0,109],[4,4],[3,67],[0,109],[4,4],[3,68],[0,108],[4,3],[3,70],[0,107],[4,3],[3,71],[0,106],[4,2],[3,72],[0,106],[4,1],[3,74],[0,105],[3,76],[0,104],[3,31],[4,13],[3,32],[0,104],[3,28],[4,19],[3,30],[0,103],[3,26],[4,23],[3,28],[0,103],[3,25],[4,25],[3,28],[0,102],[3,24],[4,27],[3,27],[0,102],[3,22],[4,31],[3,25],[0,102],[3,21],[4,33],[3,25],[0,101],[3,21],[4,33],[3,25],[0,101],[3,20],[4,35],[3,25],[0,100],[3,19],[4,37],[3,24],[0,100],[3,18],[4,39],[3,23],[0,100],[3,18],[4,39],[3,23],[0,100],[3,17],[4,41],[3,23],[0,99],[3,17],[4,41],[3,23],[0,99],[3,17],[4,41],[3,23],[0,99],[3,16],[4,43],[3,22],[0,99],[3,16],[4,43],[3,22],[0,99],[3,16],[4,43],[3,22],[0,99],[3,16],[4,43],[3,22],[0,99],[3,16],[4,43],[3,22],[0,99],[3,16],[4,43],[3,22],[0,99],[3,16],[4,43],[3,22],[2,1],[0,98],[3,16],[4,43],[3,22],[0,99],[3,16],[4,43],[3,22],[0,99],[3,16],[4,43],[3,22],[0,99],[3,16],[4,43],[3,22],[0,99],[3,16],[4,43],[3,22],[0,99],[3,16],[4,43],[3,22],[0,99],[3,17],[4,41],[3,23],[0,99],[3,17],[4,41],[3,23],[0,99],[3,17],[4,41],[3,23],[0,99],[3,18],[4,39],[3,23],[0,100],[3,18],[4,39],[3,23],[0,100],[3,19],[4,37],[3,24],[0,100],[3,20],[4,35],[3,25],[0,100],[3,21],[4,33],[3,25],[0,101],[3,21],[4,33],[3,25],[0,101],[3,22],[4,31],[3,25],[0,102],[3,24],[4,27],[3,27],[0,102],[3,25],[4,25],[3,28],[0,102],[3,26],[4,23],[3,28],[0,103],[3,28],[4,19],[3,30],[0,103],[3,31],[4,13],[3,32],[0,104],[3,76],[0,104],[3,75],[0,106],[3,73],[0,107],[3,73],[0,108],[3,71],[0,110],[3,69],[0,112],[3,67],[0,113],[3,67],[0,114],[3,65],[0,116],[3,63],[0,118],[3,61],[0,120],[3,59],[0,123],[3,55],[0,126],[3,53],[0,128],[3,51],[0,131],[3,47],[0,134],[3,45],[0,137],[3,41],[0,141],[3,37],[0,146],[3,31],[0,151],[3,27],[0,157],[3,19],[0,170],[2,1],[0,2009],[2,1],[0,173],[3,13],[0,164],[3,19],[0,159],[3,23],[0,156],[3,25],[0,154],[3,27],[0,151],[3,31],[0,148],[3,33],[0,147],[3,33],[0,146],[3,35],[0,144],[3,37],[0,142],[3,39],[0,141],[3,15],[4,9],[3,15],[0,140],[3,14],[4,13],[3,14],[0,139],[3,13],[4,15],[3,13],[0,139],[3,12],[4,17],[3,12],[0,138],[3,12],[4,19],[3,12],[0,137],[3,12],[4,19],[3,12],[0,137],[3,11],[4,21],[3,11],[0,137],[3,11],[4,21],[3,11],[0,137],[3,11],[4,21],[3,11],[0,137],[3,11],[4,21],[3,11],[0,136],[2,1],[3,11],[4,21],[3,11],[2,1],[0,136],[3,11],[4,21],[3,11],[0,137],[3,11],[4,21],[3,11],[0,137],[3,11],[4,21],[3,11],[0,137],[3,11],[4,21],[3,11],[0,137],[3,12],[4,19],[3,12],[0,137],[3,12],[4,19],[3,12],[0,138],[3,12],[4,17],[3,12],[0,139],[3,13],[4,15],[3,13],[0,139],[3,14],[4,13],[3,14],[0,140],[3,15],[4,9],[3,15],[0,141],[3,39],[0,142],[3,37],[0,144],[3,35],[0,95]]
,[[0,2340],[3,2],[0,178],[3,4],[0,176],[3,6],[0,174],[3,7],[0,173],[3,9],[0,171],[3,10],[0,170],[3,11],[0,169],[3,13],[0,167],[3,14],[0,166],[3,15],[0,165],[3,16],[0,164],[3,17],[0,163],[3,17],[0,163],[3,18],[0,162],[3,19],[0,161],[3,20],[0,160],[3,20],[0,160],[3,21],[0,159],[3,22],[0,158],[3,22],[0,158],[3,23],[0,157],[3,23],[0,157],[3,24],[0,156],[3,24],[0,156],[3,24],[0,156],[3,25],[0,155],[3,25],[0,155],[4,1],[3,25],[0,154],[4,2],[3,24],[0,154],[4,3],[3,23],[0,154],[4,3],[3,23],[0,154],[4,4],[3,23],[0,153],[4,4],[3,23],[0,10],[2,1],[0,142],[4,4],[3,23],[0,1],[3,19],[0,133],[4,5],[3,46],[0,129],[4,5],[3,48],[0,127],[4,5],[3,51],[0,124],[4,5],[3,53],[0,122],[4,5],[3,55],[0,120],[4,5],[3,56],[0,119],[4,5],[3,58],[0,117],[4,5],[3,59],[0,116],[4,5],[3,60],[0,115],[4,5],[3,62],[0,113],[4,5],[3,63],[0,112],[4,5],[3,64],[0,111],[4,5],[3,65],[0,110],[4,4],[3,67],[0,109],[4,4],[3,67],[0,109],[4,4],[3,68],[0,108],[4,3],[3,70],[0,107],[4,3],[3,71],[0,106],[4,2],[3,72],[0,106],[4,1],[3,74],[0,105],[3,76],[0,104],[3,31],[4,13],[3,32],[0,104],[3,28],[4,19],[3,30],[0,103],[3,26],[4,23],[3,28],[0,103],[3,25],[4,25],[3,28],[0,102],[3,24],[4,27],[3,27],[0,102],[3,22],[4,31],[3,25],[0,102],[3,21],[4,33],[3,25],[0,101],[3,21],[4,33],[3,25],[0,101],[3,20],[4,35],[3,25],[0,100],[3,19],[4,37],[3,24],[0,100],[3,18],[4,39],[3,23],[0,100],[3,18],[4,39],[3,23],[0,100],[3,17],[4,41],[3,23],[0,99],[3,17],[4,41],[3,23],[0,99],[3,17],[4,41],[3,23],[0,99],[3,16],[4,43],[3,22],[0,99],[3,16],[4,43],[3,22],[0,99],[3,16],[4,43],[3,22],[0,99],[3,16],[4,43],[3,22],[0,99],[3,16],[4,43],[3,22],[0,99],[3,16],[4,43],[3,22],[0,99],[3,16],[4,43],[3,22],[2,1],[0,98],[3,16],[4,43],[3,22],[0,99],[3,16],[4,43],[3,22],[0,99],[3,16],[4,43],[3,22],[0,99],[3,16],[4,43],[3,22],[0,99],[3,16],[4,43],[3,22],[0,99],[3,16],[4,43],[3,22],[0,99],[3,17],[4,41],[3,23],[0,99],[3,17],[4,41],[3,23],[0,99],[3,17],[4,41],[3,23],[0,99],[3,18],[4,39],[3,23],[0,100],[3,18],[4,39],[3,23],[0,100],[3,19],[4,37],[3,24],[0,100],[3,20],[4,35],[3,25],[0,100],[3,21],[4,33],[3,25],[0,101],[3,21],[4,33],[3,25],[0,101],[3,22],[4,31],[3,25],[0,102],[3,24],[4,27],[3,27],[0,102],[3,25],[4,25],[3,28],[0,102],[3,26],[4,23],[3,28],[0,103],[3,28],[4,19],[3,30],[0,103],[3,31],[4,13],[3,32],[0,104],[3,76],[0,104],[3,75],[0,106],[3,73],[0,107],[3,73],[0,108],[3,71],[0,110],[3,69],[0,112],[3,67],[0,113],[3,67],[0,114],[3,65],[0,116],[3,63],[0,118],[3,61],[0,120],[3,59],[0,123],[3,55],[0,126],[3,53],[0,128],[3,51],[0,131],[3,47],[0,134],[3,45],[0,137],[3,41],[0,141],[3,37],[0,146],[3,31],[0,151],[3,27],[0,157],[3,19],[0,170],[2,1],[0,2009],[2,1],[0,173],[3,13],[0,164],[3,19],[0,159],[3,23],[0,156],[3,25],[0,154],[3,27],[0,151],[3,31],[0,148],[3,33],[0,147],[3,33],[0,146],[3,35],[0,144],[3,37],[0,142],[3,39],[0,141],[3,15],[4,9],[3,15],[0,140],[3,14],[4,13],[3,14],[0,139],[3,13],[4,15],[3,13],[0,139],[3,12],[4,17],[3,12],[0,138],[3,12],[4,19],[3,12],[0,137],[3,12],[4,19],[3,12],[0,137],[3,11],[4,21],[3,11],[0,137],[3,11],[4,21],[3,11],[0,137],[3,11],[4,21],[3,11],[0,137],[3,11],[4,21],[3,11],[0,136],[2,1],[3,11],[4,21],[3,11],[2,1],[0,136],[3,11],[4,21],[3,11],[0,137],[3,11],[4,21],[3,11],[0,137],[3,11],[4,21],[3,11],[0,137],[3,11],[4,21],[3,11],[0,137],[3,12],[4,19],[3,12],[0,137],[3,12],[4,19],[3,12],[0,138],[3,12],[4,17],[3,12],[0,139],[3,13],[4,15],[3,13],[0,139],[3,14],[4,13],[3,14],[0,140],[3,15],[4,9],[3,15],[0,141],[3,39],[0,142],[3,37],[0,144],[3,35],[0,95]]
,[[0,32400]]
,[[0,32400]]
,[[0,32400]]
,[[0,32400]]
],"explored":[[[false,32400]]
,[[false,32400]]
,[[false,32400]]
,[[false,32400]]
,[[false,32400]]
,[[false,32400]]
,[[false,32400]]
,[[false,32400]]
,[[false,32400]]
,[[false,32400]]
,[[false,32400]]
,[[false,32400]]
,[[false,32400]]
,[[false,32400]]
,[[false,32400]]
,[[false,32400]]
,[[false,32400]]
,[[false,32400]]
,[[false,32400]]
,[[false,32400]]
,[[false,32400]]
],"notes":[[],[],[],[],[],[],[],[],[],[],[[0,54,"c:A;Amoebic",false,0]
,[26,79,"G:W;Generator",false,0]
,[52,100,"W:G;Generator",false,0]
,[50,140,"M:g;MilitaryTruckNoEngine",false,0]
],[],[],[],[],[],[],[],[],[],[]],"extras":[[],[],[],[],[],[],[[58,107,"mx_phavian_science"]
],[],[[56,110,"mx_casings"]
],[],[[0,46,"mx_point_burned_ground"]
,[0,49,"mx_grass2"]
,[0,52,"mx_point_burned_ground"]
,[1,55,"mx_grass"]
,[2,54,"mx_grass"]
,[1,57,"mx_grass2"]
,[1,58,"mx_grass2"]
,[1,59,"mx_grass"]
,[2,59,"mx_grass2"]
,[3,58,"mx_grass"]
,[0,62,"mx_grass2"]
,[2,64,"mx_knotweed_patch"]
,[0,65,"mx_trees2"]
,[0,74,"mx_trees2"]
,[1,78,"mx_grass"]
,[1,79,"mx_grass2"]
,[1,86,"mx_grass"]
,[0,87,"mx_grass"]
,[5,88,"mx_grass"]
,[6,83,"mx_grass2"]
,[6,82,"mx_grass2"]
,[7,81,"mx_fallen_shed"]
,[4,78,"mx_grass"]
,[5,78,"mx_casings"]
,[5,77,"mx_trees"]
,[6,77,"mx_grass2"]
,[4,76,"mx_pond"]
,[7,76,"mx_trees2"]
,[8,77,"mx_trees"]
,[10,77,"mx_grass2"]
,[12,81,"mx_spider"]
,[12,82,"mx_grass"]
,[21,76,"mx_grass2"]
,[22,76,"mx_hobblebush_patch"]
,[25,79,"mx_roadblock"]
,[26,78,"mx_grass2"]
,[26,82,"mx_point_dead_vegetation"]
,[22,83,"mx_grass2"]
,[21,85,"mx_trees2"]
,[22,86,"mx_casings"]
,[23,87,"mx_grass"]
,[22,89,"mx_trees2"]
,[25,89,"mx_grass2"]
,[28,88,"mx_grass"]
,[28,89,"mx_grass2"]
,[29,87,"mx_sand_patch"]
,[29,90,"mx_grass2"]
,[27,84,"mx_grass2"]
,[31,87,"mx_trees"]
,[32,86,"mx_grass"]
,[33,84,"mx_grass2"]
,[34,85,"mx_grass"]
,[30,82,"mx_trees2"]
,[33,82,"mx_sand_patch"]
,[31,80,"mx_grass"]
,[35,80,"mx_grass"]
,[40,85,"mx_blackberry_patch"]
,[44,90,"mx_raspberry_patch"]
,[46,94,"mx_grass2"]
,[49,93,"mx_trees2"]
,[47,95,"mx_grass"]
,[50,91,"mx_point_dead_vegetation"]
,[50,92,"mx_grass2"]
,[50,93,"mx_grass"]
,[50,94,"mx_grass2"]
,[51,93,"mx_grass2"]
,[50,86,"mx_shrubbery"]
,[46,96,"mx_pond"]
,[52,97,"mx_grass2"]
,[50,98,"mx_grass"]
,[53,94,"mx_grass"]
,[53,96,"mx_point_burned_ground"]
,[48,100,"mx_grass"]
,[53,101,"mx_roadblock"]
,[54,100,"mx_grass"]
,[49,102,"mx_grass"]
,[49,104,"mx_grass"]
,[53,105,"mx_casings"]
,[57,102,"mx_grass"]
,[54,106,"mx_grass2"]
,[58,107,"mx_grass"]
,[56,110,"mx_blueberry_patch"]
,[48,111,"mx_trees"]
,[46,110,"mx_grass2"]
,[46,113,"mx_grass"]
,[50,116,"mx_point_burned_ground"]
,[49,120,"mx_point_dead_vegetation"]
,[35,130,"mx_grass2"]
,[34,131,"mx_worm_sign"]
,[33,125,"mx_trees"]
,[32,129,"mx_pond"]
,[31,125,"mx_grass2"]
,[29,125,"mx_grass2"]
,[27,127,"mx_nest_wasp"]
,[26,125,"mx_point_dead_vegetation"]
,[26,126,"mx_grass"]
,[26,129,"mx_grass"]
,[28,131,"mx_grass"]
,[31,131,"mx_grass2"]
,[26,134,"mx_huckleberry_patch"]
,[30,132,"mx_point_burned_ground"]
,[30,135,"mx_grass2"]
,[31,136,"mx_grass"]
,[25,127,"mx_point_dead_vegetation"]
,[24,130,"mx_grass"]
,[23,128,"mx_trees"]
,[30,137,"mx_grass"]
,[32,133,"mx_grass"]
,[33,135,"mx_grass"]
,[22,128,"mx_grass"]
,[26,137,"mx_raspberry_patch"]
,[30,138,"mx_grass2"]
,[20,131,"mx_grass2"]
,[19,130,"mx_grass"]
,[18,129,"mx_trees2"]
,[18,135,"mx_point_dead_vegetation"]
,[17,133,"mx_casings"]
,[16,130,"mx_point_dead_vegetation"]
,[13,134,"mx_grass2"]
,[12,133,"mx_nest_wasp"]
,[16,136,"mx_grass2"]
,[11,134,"mx_point_burned_ground"]
,[11,136,"mx_grass"]
,[14,138,"mx_grass"]
,[15,138,"mx_trees"]
,[11,138,"mx_grass2"]
,[10,135,"mx_point_dead_vegetation"]
,[13,141,"mx_trees"]
,[14,141,"mx_nest_wasp"]
,[7,139,"mx_grass"]
,[4,142,"mx_trees"]
,[4,143,"mx_alien_grass_4"]
,[4,144,"mx_grass"]
,[3,142,"mx_grass2"]
,[3,145,"mx_grass2"]
,[2,145,"mx_grass"]
,[3,149,"mx_grass2"]
,[4,149,"mx_grass2"]
,[7,149,"mx_grass2"]
,[1,143,"mx_trees2"]
,[1,146,"mx_grass"]
,[2,150,"mx_trees2"]
,[0,152,"mx_grass"]
,[1,153,"mx_point_dead_vegetation"]
,[1,156,"mx_trees2"]
,[10,147,"mx_point_burned_ground"]
,[13,146,"mx_clearcut"]
,[19,128,"mx_casings"]
,[38,133,"mx_grass2"]
,[40,133,"mx_point_burned_ground"]
,[38,134,"mx_grass"]
,[45,132,"mx_grass2"]
,[40,138,"mx_grass"]
,[46,137,"mx_grass2"]
,[44,140,"mx_point_burned_ground"]
,[50,142,"mx_grass"]
,[52,139,"mx_grass2"]
,[52,140,"mx_trees2"]
,[53,138,"mx_grass2"]
,[55,138,"mx_grass2"]
,[56,139,"mx_grass2"]
,[56,140,"mx_grass"]
,[57,142,"mx_nest_wasp"]
,[55,146,"mx_grass"]
,[55,147,"mx_grass2"]
,[56,147,"mx_grass"]
,[56,148,"mx_point_dead_vegetation"]
,[58,148,"mx_grass2"]
,[55,149,"mx_grass"]
,[60,144,"mx_grass2"]
,[54,151,"mx_point_dead_vegetation"]
,[61,151,"mx_pond"]
,[63,152,"mx_grass2"]
,[63,154,"mx_grass"]
,[61,157,"mx_alien_grass_4"]
,[62,157,"mx_drugdeal"]
,[64,154,"mx_point_burned_ground"]
,[65,153,"mx_grass"]
,[65,157,"mx_grass"]
,[64,163,"mx_grass2"]
,[68,163,"mx_shrubbery"]
,[63,167,"mx_grass2"]
,[69,167,"mx_grass"]
,[65,169,"mx_trees"]
,[66,169,"mx_grass"]
,[64,170,"mx_grass"]
,[66,170,"mx_grass"]
,[69,171,"mx_grass2"]
,[70,170,"mx_grass"]
,[66,152,"mx_trees2"]
,[64,151,"mx_grass2"]
,[67,151,"mx_grass"]
,[70,155,"mx_fallen_shed"]
,[71,152,"mx_collegekids"]
,[71,153,"mx_grass"]
,[71,155,"mx_grass"]
,[72,152,"mx_grass"]
,[68,149,"mx_grass"]
,[70,149,"mx_grass"]
,[74,149,"mx_point_burned_ground"]
,[76,151,"mx_grass"]
,[68,148,"mx_grass2"]
,[69,148,"mx_grass2"]
,[76,148,"mx_grass"]
,[75,146,"mx_grass"]
,[78,146,"mx_grass"]
,[80,151,"mx_grass2"]
,[52,148,"mx_point_dead_vegetation"]
,[43,141,"mx_trees2"]
,[49,130,"mx_pond"]
,[50,131,"mx_grove"]
,[52,134,"mx_grass"]
,[53,133,"mx_knotweed_patch"]
,[56,133,"mx_grass"]
,[58,132,"mx_grass"]
,[59,132,"mx_grass2"]
,[56,135,"mx_grass2"]
,[60,132,"mx_grass"]
,[61,131,"mx_sand_patch"]
,[61,133,"mx_grass"]
,[54,136,"mx_grass2"]
,[55,136,"mx_knotweed_patch"]
,[56,137,"mx_grass"]
,[57,137,"mx_fallen_shed"]
,[58,139,"mx_trees"]
,[60,137,"mx_grass"]
,[47,144,"mx_grass"]
,[45,143,"mx_grass"]
,[49,145,"mx_grass"]
,[45,146,"mx_knotweed_patch"]
,[46,147,"mx_grass"]
,[42,145,"mx_grass2"]
,[45,148,"mx_trees2"]
,[41,144,"mx_point_dead_vegetation"]
,[41,147,"mx_grass"]
,[41,148,"mx_grass2"]
,[43,149,"mx_grass2"]
,[41,149,"mx_grass"]
,[40,147,"mx_knotweed_patch"]
,[45,150,"mx_grass"]
,[39,148,"mx_knotweed_patch"]
,[44,151,"mx_point_burned_ground"]
,[40,151,"mx_grass"]
,[37,150,"mx_trees2"]
,[37,151,"mx_grass2"]
,[37,152,"mx_grass"]
,[28,147,"mx_grove"]
,[27,149,"mx_point_burned_ground"]
,[26,150,"mx_hobblebush_patch"]
,[21,148,"mx_strawberry_patch"]
,[14,152,"mx_grass"]
,[10,152,"mx_grass"]
,[7,150,"mx_grass"]
,[6,151,"mx_grass"]
,[5,150,"mx_grass2"]
],[],[],[],[],[],[],[],[],[],[]]}