# version 39
{"visible":[[[0,32400]]
,[[0,32400]]
,[[0,32400]]
,[[0,32400]]
,[[0,32400]]
,[[0,32400]]
,[[0,32400]]
,[[0,32400]]
,[[0,32400]]
,[[0,26444],[4,1],[0,5955]]
,[[0,5719],[4,2],[0,179],[4,2],[0,179],[4,1],[0,179],[4,1],[0,179],[4,2],[0,179],[4,1],[0,179],[4,2],[0,6306],[4,2],[0,177],[4,2],[0,175],[4,4],[0,175],[4,2],[0,178],[4,1],[0,179],[4,1],[0,179],[4,1],[0,179],[4,1],[0,179],[4,1],[0,179],[4,1],[0,179],[4,1],[0,179],[4,1],[0,179],[4,1],[0,179],[4,1],[0,179],[4,1],[0,179],[4,1],[0,179],[4,1],[0,179],[4,1],[0,179],[4,1],[0,173],[4,3],[0,3],[4,1],[0,175],[4,5],[0,178],[4,2],[0,179],[4,1],[0,179],[4,4],[0,179],[4,2],[0,179],[4,1],[0,179],[4,2],[0,179],[4,1],[0,179],[4,2],[0,179],[4,1],[0,179],[4,2],[0,179],[4,1],[0,179],[4,3],[0,179],[4,5],[0,179],[4,2],[0,179],[4,1],[0,179],[4,2],[0,179],[4,1],[0,179],[4,2],[0,179],[4,1],[0,179],[4,1],[0,179],[4,1],[0,179],[4,1],[0,179],[4,3],[0,177],[4,1],[0,1],[4,2],[0,176],[4,1],[0,2],[4,2],[0,175],[4,1],[0,3],[4,1],[0,175],[4,1],[0,177],[4,3],[0,176],[4,2],[0,178],[4,1],[0,173],[4,7],[0,169],[4,5],[0,5],[4,1],[0,169],[4,1],[0,8],[4,2],[0,14],[3,7],[0,148],[4,2],[0,7],[4,1],[0,14],[3,8],[0,157],[4,1],[0,13],[2,1],[3,8],[0,157],[4,1],[0,13],[2,1],[3,8],[0,156],[4,2],[0,16],[4,1],[3,3],[4,1],[3,1],[0,156],[4,1],[0,17],[4,1],[0,2],[4,2],[3,1],[0,156],[4,1],[0,17],[4,4],[3,2],[0,156],[4,1],[0,18],[4,1],[0,2],[3,2],[0,156],[4,1],[0,18],[4,1],[0,2],[3,2],[0,156],[4,1],[0,18],[4,1],[0,160],[4,1],[0,18],[4,1],[0,160],[4,1],[0,18],[4,1],[0,160],[4,1],[0,18],[4,1],[0,160],[4,1],[0,18],[4,1],[0,160],[4,1],[0,18],[4,3],[0,158],[4,1],[0,17],[4,2],[0,160],[4,1],[0,18],[4,1],[0,160],[4,1],[0,18],[4,2],[0,157],[4,3],[0,19],[4,1],[0,157],[4,1],[0,21],[4,1],[0,157],[4,1],[0,9],[4,2],[0,10],[4,2],[0,156],[4,1],[0,9],[4,2],[0,168],[4,1],[0,10],[4,8],[0,161],[4,1],[0,13],[4,1],[0,3],[4,2],[0,2],[4,2],[0,156],[4,1],[0,13],[4,1],[0,4],[4,4],[0,157],[4,1],[0,13],[4,1],[0,165],[4,1],[0,10],[4,4],[0,159],[4,1],[0,5],[4,1],[0,10],[4,1],[0,162],[4,2],[0,4],[4,1],[0,10],[4,1],[0,159],[4,1],[0,3],[4,9],[0,7],[4,1],[0,159],[4,1],[0,4],[4,1],[0,6],[4,1],[0,7],[4,1],[0,153],[4,7],[0,4],[4,1],[0,1],[4,14],[0,13],[3,1],[0,145],[4,1],[0,1],[4,4],[0,4],[4,1],[0,1],[4,1],[0,21],[3,1],[0,145],[4,1],[0,4],[4,1],[0,6],[4,1],[0,20],[3,2],[0,140],[4,9],[0,1],[4,15],[0,13],[3,2],[0,139],[4,2],[0,4],[4,1],[0,5],[4,1],[0,5],[4,1],[0,19],[3,3],[0,140],[4,1],[0,1],[4,1],[0,2],[4,1],[0,5],[4,1],[0,5],[4,1],[0,6],[4,1],[0,12],[3,3],[0,139],[4,2],[0,1],[4,20],[0,2],[4,1],[0,12],[3,3],[0,140],[4,1],[0,4],[4,1],[0,5],[4,1],[0,5],[4,1],[0,6],[4,1],[0,12],[3,3],[0,140],[4,1],[0,4],[4,1],[0,5],[4,1],[0,5],[4,1],[0,6],[4,1],[0,12],[3,3],[0,139],[4,26],[0,11],[2,1],[3,3],[0,140],[4,1],[0,4],[4,1],[0,5],[4,1],[0,5],[4,1],[0,5],[4,1],[0,12],[2,1],[3,3],[0,140],[4,1],[0,4],[4,1],[0,5],[4,1],[0,5],[4,1],[0,5],[4,1],[0,13],[3,3],[0,139],[4,10],[0,2],[4,5],[0,1],[4,7],[0,13],[3,3],[0,140],[4,1],[0,4],[4,1],[0,5],[4,1],[0,5],[4,1],[0,19],[3,3],[0,140],[4,1],[0,4],[4,1],[0,5],[4,1],[0,5],[4,1],[0,19],[3,3],[0,140],[4,2],[0,9],[4,1],[0,25],[3,3],[0,141],[4,1],[0,36],[3,2],[0,141],[4,3],[0,34],[3,2],[0,143],[4,1],[0,35],[3,1],[0,143],[4,1],[0,35],[3,1],[0,143],[4,1],[0,179],[4,2],[0,179],[4,2],[0,214]]
,[[0,26444],[4,1],[0,1814],[3,1],[0,155],[4,1],[0,23],[3,1],[0,178],[3,2],[0,178],[3,2],[0,177],[3,3],[0,177],[3,3],[0,177],[3,3],[0,177],[3,3],[0,177],[3,3],[0,176],[2,1],[3,3],[0,176],[2,1],[3,3],[0,177],[3,3],[0,177],[3,3],[0,177],[3,3],[0,177],[3,3],[0,177],[3,3],[0,178],[3,2],[0,178],[3,2],[0,179],[3,1],[0,179],[3,1],[0,720]]
,[[0,28259],[3,1],[0,155],[4,1],[0,23],[3,1],[0,178],[3,2],[0,178],[3,2],[0,177],[3,3],[0,177],[3,3],[0,177],[3,3],[0,177],[3,3],[0,177],[3,3],[0,176],[2,1],[3,3],[0,176],[2,1],[3,3],[0,177],[3,3],[0,177],[3,3],[0,177],[3,3],[0,177],[3,3],[0,177],[3,3],[0,178],[3,2],[0,178],[3,2],[0,179],[3,1],[0,179],[3,1],[0,720]]
,[[0,28259],[3,1],[0,179],[3,1],[0,178],[3,2],[0,178],[3,2],[0,177],[3,3],[0,177],[3,3],[0,177],[3,3],[0,177],[3,3],[0,177],[3,3],[0,176],[2,1],[3,3],[0,176],[2,1],[3,3],[0,177],[3,3],[0,177],[3,3],[0,177],[3,3],[0,177],[3,3],[0,177],[3,3],[0,178],[3,2],[0,178],[3,2],[0,179],[3,1],[0,179],[3,1],[0,720]]
,[[0,32400]]
,[[0,32400]]
,[[0,32400]]
,[[0,32400]]
,[[0,32400]]
,[[0,32400]]
,[[0,32400]]
],"explored":[[[false,32400]]
,[[false,32400]]
,[[false,32400]]
,[[false,32400]]
,[[false,32400]]
,[[false,32400]]
,[[false,32400]]
,[[false,32400]]
,[[false,32400]]
,[[false,32400]]
,[[false,32400]]
,[[false,32400]]
,[[false,32400]]
,[[false,32400]]
,[[false,32400]]
,[[false,32400]]
,[[false,32400]]
,[[false,32400]]
,[[false,32400]]
,[[false,32400]]
,[[false,32400]]
],"notes":[[],[],[],[],[],[],[],[],[],[],[],[],[],[],[],[],[],[],[],[],[]],"extras":[[],[],[],[],[],[],[],[],[],[],[],[],[],[],[],[],[],[],[],[],[]]}