# version 39
{"visible":[[[0,32400]]
,[[0,32400]]
,[[0,32400]]
,[[0,32400]]
,[[0,32400]]
,[[0,32400]]
,[[0,32400]]
,[[0,32400]]
,[[0,32400]]
,[[0,32400]]
,[[0,18181],[2,1],[0,178],[3,8],[0,172],[3,10],[0,170],[3,12],[0,168],[3,13],[2,1],[0,166],[3,15],[0,165],[3,14],[0,166],[3,13],[0,1],[3,1],[0,165],[3,14],[0,3],[2,1],[0,162],[3,13],[0,1],[3,4],[0,162],[3,19],[0,161],[4,6],[3,11],[0,163],[4,7],[3,9],[0,164],[4,9],[3,6],[0,165],[4,9],[3,6],[0,165],[4,10],[3,6],[0,164],[4,11],[3,6],[0,163],[4,11],[3,7],[0,162],[4,11],[3,8],[0,161],[4,10],[3,9],[0,161],[4,11],[3,9],[0,160],[4,11],[3,10],[0,159],[4,11],[3,10],[0,159],[4,11],[3,10],[0,159],[4,11],[3,10],[0,159],[4,10],[3,12],[0,158],[4,9],[3,13],[0,158],[4,10],[3,12],[0,158],[4,10],[3,12],[0,158],[4,10],[3,12],[0,158],[4,10],[3,12],[0,158],[4,10],[3,12],[2,1],[0,157],[4,10],[3,12],[0,158],[4,10],[3,12],[0,158],[4,10],[3,12],[0,158],[4,10],[3,12],[0,158],[4,9],[3,13],[0,158],[4,9],[3,13],[0,158],[4,8],[3,13],[0,159],[4,7],[3,14],[0,159],[4,6],[3,15],[0,159],[4,5],[3,15],[0,160],[4,3],[3,17],[0,160],[4,1],[3,18],[0,161],[3,19],[0,161],[3,18],[0,162],[3,17],[0,163],[3,16],[0,164],[3,15],[0,165],[3,14],[0,166],[3,14],[0,166],[3,15],[0,165],[4,1],[3,14],[0,165],[4,1],[3,15],[0,164],[4,1],[3,16],[0,163],[4,1],[3,17],[0,162],[3,18],[0,162],[3,19],[0,161],[3,20],[0,160],[3,20],[0,160],[3,21],[0,159],[3,21],[0,159],[3,22],[0,158],[3,22],[0,158],[3,22],[0,158],[3,23],[0,157],[3,23],[0,157],[3,24],[0,156],[3,24],[0,156],[4,1],[3,23],[0,156],[4,1],[3,23],[0,156],[4,2],[3,23],[0,155],[4,2],[3,23],[0,155],[4,2],[3,23],[0,155],[4,3],[3,22],[0,155],[4,3],[3,22],[0,155],[4,3],[3,22],[0,155],[4,3],[3,22],[0,155],[4,3],[3,22],[0,155]]
,[[0,19620],[3,5],[0,175],[3,8],[0,172],[3,10],[0,170],[3,12],[0,168],[3,12],[0,168],[3,14],[0,166],[3,15],[0,165],[3,10],[0,1],[3,5],[0,164],[3,9],[0,1],[3,7],[0,163],[3,18],[0,162],[3,19],[0,161],[3,19],[0,161],[4,3],[3,17],[0,160],[4,5],[3,15],[0,160],[4,6],[3,15],[0,159],[4,7],[3,14],[0,159],[4,8],[3,13],[0,159],[4,9],[3,13],[0,158],[4,9],[3,13],[0,158],[4,10],[3,12],[0,158],[4,10],[3,12],[0,158],[4,10],[3,12],[0,158],[4,10],[3,12],[0,158],[4,10],[3,12],[2,1],[0,157],[4,10],[3,12],[0,158],[4,10],[3,12],[0,158],[4,10],[3,12],[0,158],[4,10],[3,12],[0,158],[4,9],[3,13],[0,158],[4,9],[3,13],[0,158],[4,8],[3,13],[0,159],[4,7],[3,14],[0,159],[4,6],[3,15],[0,159],[4,5],[3,15],[0,160],[4,3],[3,17],[0,160],[4,1],[3,18],[0,161],[3,19],[0,161],[3,18],[0,162],[3,17],[0,163],[3,16],[0,164],[3,15],[0,165],[3,14],[0,166],[3,14],[0,166],[3,15],[0,165],[3,15],[0,165],[3,16],[0,164],[3,17],[0,163],[3,18],[0,162],[3,18],[0,162],[3,19],[0,161],[3,20],[0,160],[3,20],[0,160],[3,21],[0,159],[3,21],[0,159],[3,22],[0,158],[3,22],[0,158],[3,22],[0,158],[3,23],[0,157],[3,23],[0,157],[3,24],[0,156],[3,24],[0,156],[4,1],[3,23],[0,156],[4,1],[3,23],[0,156],[4,2],[3,23],[0,155],[4,2],[3,23],[0,155],[4,2],[3,23],[0,155],[4,3],[3,22],[0,155],[4,3],[3,22],[0,155],[4,3],[3,22],[0,155],[4,3],[3,22],[0,155],[4,3],[3,22],[0,155]]
,[[0,19620],[3,5],[0,175],[3,8],[0,172],[3,10],[0,170],[3,12],[0,168],[3,12],[0,168],[3,14],[0,166],[3,15],[0,165],[3,10],[0,1],[3,5],[0,164],[3,9],[0,1],[3,7],[0,163],[3,18],[0,162],[3,19],[0,161],[3,19],[0,161],[4,3],[3,17],[0,160],[4,5],[3,15],[0,160],[4,6],[3,15],[0,159],[4,7],[3,14],[0,159],[4,8],[3,13],[0,159],[4,9],[3,13],[0,158],[4,9],[3,13],[0,158],[4,10],[3,12],[0,158],[4,10],[3,12],[0,158],[4,10],[3,12],[0,158],[4,10],[3,12],[0,158],[4,10],[3,12],[2,1],[0,157],[4,10],[3,12],[0,158],[4,10],[3,12],[0,158],[4,10],[3,12],[0,158],[4,10],[3,12],[0,158],[4,9],[3,13],[0,158],[4,9],[3,13],[0,158],[4,8],[3,13],[0,159],[4,7],[3,14],[0,159],[4,6],[3,15],[0,159],[4,5],[3,15],[0,160],[4,3],[3,17],[0,160],[3,19],[0,161],[3,19],[0,161],[3,18],[0,162],[3,17],[0,163],[3,16],[0,164],[3,15],[0,165],[3,14],[0,166],[3,14],[0,166],[3,15],[0,165],[3,15],[0,165],[3,16],[0,164],[3,17],[0,163],[3,18],[0,162],[3,18],[0,162],[3,19],[0,161],[3,20],[0,160],[3,20],[0,160],[3,21],[0,159],[3,21],[0,159],[3,22],[0,158],[3,22],[0,158],[3,22],[0,158],[3,23],[0,157],[3,23],[0,157],[3,24],[0,156],[3,24],[0,156],[4,1],[3,23],[0,156],[4,1],[3,23],[0,156],[4,2],[3,23],[0,155],[4,2],[3,23],[0,155],[4,2],[3,23],[0,155],[4,3],[3,22],[0,155],[4,3],[3,22],[0,155],[4,3],[3,22],[0,155],[4,3],[3,22],[0,155],[4,3],[3,22],[0,155]]
,[[0,25560],[3,2],[0,178],[3,4],[0,176],[3,5],[0,175],[3,7],[0,173],[3,8],[0,172],[3,9],[0,171],[3,11],[0,169],[3,12],[0,168],[3,13],[0,167],[3,14],[0,166],[3,15],[0,165],[3,15],[0,165],[3,16],[0,164],[3,17],[0,163],[3,18],[0,162],[3,18],[0,162],[3,19],[0,161],[3,20],[0,160],[3,20],[0,160],[3,21],[0,159],[3,21],[0,159],[3,22],[0,158],[3,22],[0,158],[3,22],[0,158],[3,23],[0,157],[3,23],[0,157],[3,24],[0,156],[3,24],[0,156],[4,1],[3,23],[0,156],[4,1],[3,23],[0,156],[4,2],[3,23],[0,155],[4,2],[3,23],[0,155],[4,2],[3,23],[0,155],[4,3],[3,22],[0,155],[4,3],[3,22],[0,155],[4,3],[3,22],[0,155],[4,3],[3,22],[0,155],[4,3],[3,22],[0,155]]
,[[0,25560],[3,2],[0,178],[3,4],[0,176],[3,5],[0,175],[3,7],[0,173],[3,8],[0,172],[3,9],[0,171],[3,11],[0,169],[3,12],[0,168],[3,13],[0,167],[3,14],[0,166],[3,15],[0,165],[3,15],[0,165],[3,16],[0,164],[3,17],[0,163],[3,18],[0,162],[3,18],[0,162],[3,19],[0,161],[3,20],[0,160],[3,20],[0,160],[3,21],[0,159],[3,21],[0,159],[3,22],[0,158],[3,22],[0,158],[3,22],[0,158],[3,23],[0,157],[3,23],[0,157],[3,24],[0,156],[3,24],[0,156],[4,1],[3,23],[0,156],[4,1],[3,23],[0,156],[4,2],[3,23],[0,155],[4,2],[3,23],[0,155],[4,2],[3,23],[0,155],[4,3],[3,22],[0,155],[4,3],[3,22],[0,155],[4,3],[3,22],[0,155],[4,3],[3,22],[0,155],[4,3],[3,22],[0,155]]
,[[0,25560],[3,2],[0,178],[3,4],[0,176],[3,5],[0,175],[3,7],[0,173],[3,8],[0,172],[3,9],[0,171],[3,11],[0,169],[3,12],[0,168],[3,13],[0,167],[3,14],[0,166],[3,15],[0,165],[3,15],[0,165],[3,16],[0,164],[3,17],[0,163],[3,18],[0,162],[3,18],[0,162],[3,19],[0,161],[3,20],[0,160],[3,20],[0,160],[3,21],[0,159],[3,21],[0,159],[3,22],[0,158],[3,22],[0,158],[3,22],[0,158],[3,23],[0,157],[3,23],[0,157],[3,24],[0,156],[3,24],[0,156],[4,1],[3,23],[0,156],[4,1],[3,23],[0,156],[4,2],[3,23],[0,155],[4,2],[3,23],[0,155],[4,2],[3,23],[0,155],[4,3],[3,22],[0,155],[4,3],[3,22],[0,155],[4,3],[3,22],[0,155],[4,3],[3,22],[0,155],[4,3],[3,22],[0,155]]
,[[0,25560],[3,2],[0,178],[3,4],[0,176],[3,5],[0,175],[3,7],[0,173],[3,8],[0,172],[3,9],[0,171],[3,11],[0,169],[3,12],[0,168],[3,13],[0,167],[3,14],[0,166],[3,15],[0,165],[3,15],[0,165],[3,16],[0,164],[3,17],[0,163],[3,18],[0,162],[3,18],[0,162],[3,19],[0,161],[3,20],[0,160],[3,20],[0,160],[3,21],[0,159],[3,21],[0,159],[3,22],[0,158],[3,22],[0,158],[3,22],[0,158],[3,23],[0,157],[3,23],[0,157],[3,24],[0,156],[3,24],[0,156],[4,1],[3,23],[0,156],[4,1],[3,23],[0,156],[4,2],[3,23],[0,155],[4,2],[3,23],[0,155],[4,2],[3,23],[0,155],[4,3],[3,22],[0,155],[4,3],[3,22],[0,155],[4,3],[3,22],[0,155],[4,3],[3,22],[0,155],[4,3],[3,22],[0,155]]
,[[0,32400]]
,[[0,32400]]
,[[0,32400]]
,[[0,32400]]
],"explored":[[[false,32400]]
,[[false,32400]]
,[[false,32400]]
,[[false,32400]]
,[[false,32400]]
,[[false,32400]]
,[[false,32400]]
,[[false,32400]]
,[[false,32400]]
,[[false,32400]]
,[[false,32400]]
,[[false,32400]]
,[[false,32400]]
,[[false,32400]]
,[[false,32400]]
,[[false,32400]]
,[[false,32400]]
,[[false,32400]]
,[[false,32400]]
,[[false,32400]]
,[[false,32400]]
],"notes":[[],[],[],[],[],[],[],[],[],[],[],[],[],[],[],[],[],[],[],[],[]],"extras":[[],[],[],[],[],[],[],[],[],[],[[0,136,"mx_grass2"]
,[1,128,"mx_point_dead_vegetation"]
,[0,121,"mx_trees2"]
,[1,118,"mx_grass"]
,[1,120,"mx_grass"]
,[1,123,"mx_grass"]
,[2,120,"mx_fallen_shed"]
,[2,121,"mx_grass"]
],[],[],[],[],[],[],[],[],[],[]]}