# version 39
{"visible":[[[0,32400]]
,[[0,32400]]
,[[0,32400]]
,[[0,32400]]
,[[0,32400]]
,[[0,32400]]
,[[0,32400]]
,[[0,32400]]
,[[0,32400]]
,[[0,4505],[4,1],[0,27894]]
,[[3,11],[0,40],[3,12],[4,9],[3,13],[0,95],[3,10],[0,19],[4,2],[0,20],[3,34],[0,95],[3,9],[0,21],[4,2],[0,20],[3,32],[0,96],[3,7],[0,24],[4,2],[0,21],[3,29],[2,1],[0,96],[3,5],[0,27],[4,1],[0,22],[3,28],[0,97],[3,2],[0,30],[4,1],[0,23],[3,26],[0,130],[4,1],[0,25],[3,23],[0,131],[4,1],[0,28],[3,18],[2,1],[0,132],[4,1],[0,8],[4,1],[0,25],[2,1],[3,10],[0,134],[4,1],[0,8],[4,1],[0,26],[3,8],[0,136],[4,4],[0,5],[4,1],[0,26],[3,6],[0,118],[4,1],[0,22],[4,1],[0,5],[4,1],[0,150],[4,1],[0,22],[4,15],[0,138],[4,1],[0,3],[4,1],[0,23],[4,1],[0,4],[4,1],[0,146],[4,5],[0,9],[4,1],[0,13],[4,1],[0,4],[4,1],[0,145],[4,2],[0,13],[4,2],[0,11],[4,2],[0,4],[4,1],[0,145],[4,1],[0,15],[4,2],[0,10],[4,1],[0,5],[4,1],[0,145],[4,1],[0,16],[4,7],[0,1],[4,4],[0,145],[4,1],[0,5],[4,1],[0,22],[4,3],[0,148],[4,1],[0,5],[4,1],[0,23],[4,1],[0,149],[4,2],[0,4],[4,1],[0,22],[4,2],[0,149],[4,4],[0,2],[4,1],[0,22],[4,1],[0,150],[4,1],[0,2],[4,4],[0,21],[4,6],[0,146],[4,1],[0,27],[4,1],[0,4],[4,2],[0,145],[4,1],[0,19],[4,3],[0,4],[4,2],[0,5],[4,2],[0,144],[4,2],[0,2],[4,3],[0,10],[4,4],[0,1],[4,2],[0,3],[4,1],[0,7],[4,1],[0,145],[4,2],[0,3],[4,2],[0,8],[4,2],[0,5],[4,2],[0,1],[4,2],[0,154],[4,4],[0,1],[4,4],[0,3],[4,1],[0,1],[4,1],[0,7],[4,3],[0,158],[4,2],[0,3],[4,1],[0,3],[4,3],[0,9],[4,2],[0,157],[4,2],[0,3],[4,1],[0,4],[4,1],[0,11],[4,1],[0,156],[4,2],[0,4],[4,1],[0,3],[4,2],[0,11],[4,3],[0,154],[4,1],[0,5],[4,1],[0,3],[4,1],[0,14],[4,1],[0,154],[4,1],[0,1],[4,9],[0,14],[4,1],[0,154],[4,1],[0,5],[4,1],[0,18],[4,2],[0,153],[4,1],[0,5],[4,1],[0,19],[4,3],[0,151],[4,1],[0,5],[4,1],[0,21],[4,2],[0,150],[4,1],[0,5],[4,4],[0,19],[4,1],[0,149],[4,8],[0,22],[4,1],[0,149],[4,1],[0,4],[4,2],[0,23],[4,3],[0,11],[4,2],[0,134],[4,1],[0,3],[4,2],[0,26],[4,13],[0,135],[4,1],[0,2],[4,2],[0,28],[4,1],[0,146],[4,1],[0,2],[4,1],[0,29],[4,1],[0,145],[4,2],[0,2],[4,1],[0,29],[4,2],[0,144],[4,1],[0,3],[4,1],[0,30],[4,1],[0,144],[4,1],[0,3],[4,1],[0,30],[4,1],[0,148],[4,1],[0,1],[4,1],[0,28],[4,2],[0,147],[4,3],[0,6],[4,4],[0,19],[4,1],[0,147],[4,1],[0,8],[4,1],[0,2],[4,1],[0,19],[4,2],[0,146],[4,1],[0,8],[4,1],[0,2],[4,1],[0,167],[4,1],[0,8],[4,1],[0,170],[4,1],[0,6],[4,3],[0,170],[4,1],[0,4],[4,3],[0,172],[4,1],[0,2],[4,3],[0,174],[4,4],[0,1],[4,1],[0,174],[4,1],[0,4],[4,1],[0,34],[4,3],[0,137],[4,1],[0,4],[4,2],[0,32],[4,2],[0,139],[4,1],[0,38],[4,1],[0,135],[4,2],[0,3],[4,1],[0,175],[4,5],[0,179],[4,1],[0,179],[4,1],[0,179],[4,1],[0,178],[4,2],[0,178],[4,1],[0,179],[4,1],[0,179],[4,1],[0,179],[4,1],[0,179],[4,1],[0,179],[4,1],[0,179],[4,1],[0,179],[4,1],[0,179],[4,1],[0,179],[4,1],[0,179],[4,1],[0,179],[4,1],[0,179],[4,1],[0,179],[4,1],[0,179],[4,2],[0,179],[4,1],[0,179],[4,1],[0,179],[4,1],[0,179],[4,1],[0,172],[4,12],[0,22],[4,1],[0,156],[4,1],[0,22],[4,1],[0,156],[4,1],[0,22],[4,1],[0,156],[4,1],[0,22],[4,1],[0,156],[4,1],[0,22],[4,1],[0,156],[4,2],[0,21],[4,1],[0,157],[4,1],[0,13],[4,1],[0,7],[4,2],[0,156],[4,1],[0,13],[4,1],[0,8],[4,1],[0,156],[4,1],[0,8],[4,1],[0,4],[4,7],[0,2],[4,1],[0,155],[4,16],[0,1],[4,1],[0,3],[4,1],[0,1],[4,2],[0,152],[4,4],[0,12],[4,1],[0,7],[4,3],[0,4],[4,1],[0,148],[4,1],[0,25],[4,1],[0,4],[4,1],[0,148],[4,1],[0,25],[4,1],[0,4],[4,1],[0,148],[4,2],[0,24],[4,1],[0,4],[4,1],[0,149],[4,2],[0,23],[4,10],[0,146],[4,1],[0,28],[4,1],[0,179],[4,1],[0,179],[4,1],[0,179],[4,1],[0,179],[4,1],[0,179],[4,1],[0,179],[4,1],[0,179],[4,1],[0,4],[4,4],[0,171],[4,6],[0,2],[4,1],[0,171],[4,1],[0,7],[4,1],[0,169],[4,3],[0,7],[4,1],[0,169],[4,1],[0,9],[4,2],[0,168],[4,1],[0,10],[4,1],[0,168],[4,1],[0,10],[4,1],[0,152],[4,2],[0,13],[4,2],[0,10],[4,2],[0,152],[4,2],[0,11],[4,2],[0,12],[4,1],[0,153],[4,1],[0,10],[4,2],[0,167],[4,2],[0,3],[4,7],[0,169],[4,1],[0,2],[4,2],[0,175],[4,1],[0,1],[4,2],[0,176],[4,3],[0,177],[4,1],[0,179],[4,1],[0,179],[4,1],[0,178],[4,2],[0,10595]]
,[[3,11],[0,40],[3,33],[0,96],[3,10],[0,41],[3,33],[0,96],[3,9],[0,43],[3,31],[0,97],[3,7],[0,47],[3,27],[0,99],[3,5],[0,50],[3,25],[0,100],[3,2],[0,54],[3,23],[0,159],[3,19],[0,164],[3,13],[0,173],[2,1],[0,2997],[4,1],[0,2163],[4,1],[0,25730]]
,[[0,51],[3,33],[0,147],[3,33],[0,148],[3,31],[0,151],[3,27],[0,154],[3,25],[0,156],[3,23],[0,159],[3,19],[0,164],[3,13],[0,173],[2,1],[0,30892]]
,[[0,51],[3,33],[0,147],[3,33],[0,148],[3,31],[0,151],[3,27],[0,154],[3,25],[0,156],[3,23],[0,159],[3,19],[0,164],[3,13],[0,173],[2,1],[0,30892]]
,[[0,51],[3,33],[0,147],[3,33],[0,148],[3,31],[0,151],[3,27],[0,154],[3,25],[0,156],[3,23],[0,159],[3,19],[0,164],[3,13],[0,173],[2,1],[0,30892]]
,[[0,51],[3,33],[0,147],[3,33],[0,148],[3,31],[0,151],[3,27],[0,154],[3,25],[0,156],[3,23],[0,159],[3,19],[0,164],[3,13],[0,173],[2,1],[0,30892]]
,[[0,51],[3,33],[0,147],[3,33],[0,148],[3,31],[0,151],[3,27],[0,154],[3,25],[0,156],[3,23],[0,159],[3,19],[0,164],[3,13],[0,173],[2,1],[0,30892]]
,[[0,32400]]
,[[0,32400]]
,[[0,32400]]
,[[0,32400]]
],"explored":[[[false,32400]]
,[[false,32400]]
,[[false,32400]]
,[[false,32400]]
,[[false,32400]]
,[[false,32400]]
,[[false,32400]]
,[[false,32400]]
,[[false,32400]]
,[[false,32400]]
,[[false,32400]]
,[[false,32400]]
,[[false,32400]]
,[[false,32400]]
,[[false,32400]]
,[[false,32400]]
,[[false,32400]]
,[[false,32400]]
,[[false,32400]]
,[[false,32400]]
,[[false,32400]]
],"notes":[[],[],[],[],[],[],[],[],[],[],[],[],[],[],[],[],[],[],[],[],[]],"extras":[[],[],[],[],[],[],[],[],[],[],[],[],[],[],[],[],[],[],[],[],[]]}