# version 39
{"visible":[[[0,32400]]
,[[0,32400]]
,[[0,32400]]
,[[0,32400]]
,[[0,32400]]
,[[0,32400]]
,[[0,32400]]
,[[0,32400]]
,[[0,11964],[4,1],[0,20435]]
,[[0,6807],[4,1],[0,3343],[4,1],[0,1812],[4,1],[0,20435]]
,[[0,5],[3,23],[4,55],[0,3],[3,32],[0,41],[3,21],[0,3],[4,2],[0,2],[3,20],[4,55],[0,3],[3,32],[0,4],[4,2],[0,37],[3,20],[0,4],[4,1],[0,7],[2,8],[0,4],[3,2],[4,55],[0,4],[2,1],[3,29],[2,1],[0,4],[4,2],[0,39],[3,19],[0,4],[4,5],[0,16],[3,1],[4,55],[0,4],[3,29],[0,6],[4,1],[0,42],[3,17],[0,3],[4,2],[0,3],[4,4],[0,13],[4,51],[3,6],[0,2],[3,28],[0,8],[4,1],[0,44],[3,15],[0,1],[4,3],[0,7],[4,3],[0,10],[4,53],[3,5],[0,2],[3,26],[0,10],[4,1],[0,11],[4,3],[0,33],[3,12],[0,12],[4,1],[0,10],[4,55],[3,5],[0,2],[3,17],[2,2],[0,7],[4,6],[0,3],[4,1],[0,10],[4,2],[0,1],[4,3],[0,4],[4,2],[0,31],[2,2],[0,16],[4,1],[0,10],[4,55],[3,6],[0,2],[3,15],[0,10],[4,1],[0,4],[4,2],[0,2],[4,1],[0,7],[4,4],[0,4],[4,2],[0,2],[4,2],[0,50],[4,1],[0,9],[4,57],[3,5],[0,3],[3,9],[0,12],[4,4],[0,4],[4,3],[0,1],[4,1],[0,6],[4,2],[0,8],[4,4],[0,50],[4,3],[0,8],[4,57],[3,6],[0,3],[2,2],[0,25],[4,2],[0,1],[4,3],[0,6],[4,1],[0,9],[4,1],[0,52],[4,2],[0,1],[4,7],[0,1],[4,59],[3,6],[0,29],[4,1],[0,10],[4,2],[0,9],[4,1],[0,35],[4,4],[0,10],[4,4],[0,8],[4,61],[3,6],[0,29],[4,1],[0,10],[4,1],[0,10],[4,1],[0,35],[4,1],[0,2],[4,1],[0,10],[4,1],[0,12],[4,61],[3,3],[0,31],[4,3],[0,8],[4,1],[0,10],[4,1],[0,18],[4,2],[0,13],[4,3],[0,2],[4,1],[0,1],[4,1],[0,8],[4,1],[0,12],[4,61],[3,2],[0,34],[4,1],[0,8],[4,1],[0,10],[4,1],[0,19],[4,2],[0,12],[4,1],[0,3],[4,4],[0,8],[4,1],[0,12],[4,61],[0,36],[4,1],[0,8],[4,1],[0,10],[4,1],[0,20],[4,1],[0,11],[4,2],[0,5],[4,1],[0,9],[4,2],[0,11],[4,61],[0,36],[4,1],[0,7],[4,4],[0,8],[4,1],[0,20],[4,1],[0,11],[4,1],[0,6],[4,1],[0,10],[4,1],[0,10],[4,63],[0,8],[4,2],[0,25],[4,1],[0,5],[4,3],[0,2],[4,3],[0,6],[4,1],[0,18],[4,1],[0,1],[4,1],[0,11],[4,1],[0,6],[4,1],[0,10],[4,1],[0,10],[4,63],[0,7],[4,2],[0,26],[4,1],[0,4],[4,2],[0,6],[4,1],[0,6],[4,1],[0,18],[4,3],[0,11],[4,1],[0,6],[4,1],[0,21],[4,63],[0,7],[4,1],[0,26],[4,2],[0,3],[4,2],[0,7],[4,1],[0,6],[4,1],[0,18],[4,1],[0,13],[4,1],[0,6],[4,1],[0,21],[4,63],[0,7],[4,1],[0,26],[4,1],[0,3],[4,2],[0,8],[4,2],[0,5],[4,1],[0,15],[4,7],[0,3],[4,1],[0,6],[4,1],[0,6],[4,1],[0,21],[4,63],[0,7],[4,1],[0,26],[4,1],[0,3],[4,1],[0,10],[4,5],[0,1],[4,1],[0,15],[4,1],[0,2],[4,1],[0,6],[4,1],[0,6],[4,3],[0,4],[4,1],[0,21],[4,63],[0,7],[4,1],[0,25],[4,2],[0,3],[4,1],[0,11],[4,1],[0,2],[4,3],[0,15],[4,1],[0,2],[4,1],[0,6],[4,1],[0,6],[4,2],[0,5],[4,1],[0,21],[4,63],[0,6],[4,2],[0,25],[4,1],[0,3],[4,2],[0,11],[4,1],[0,4],[4,7],[0,9],[4,1],[0,4],[4,2],[0,3],[4,1],[0,6],[4,1],[0,6],[4,2],[0,19],[4,65],[0,6],[4,1],[0,25],[4,1],[0,3],[4,1],[0,12],[4,1],[0,2],[4,4],[0,4],[4,1],[0,3],[4,24],[0,7],[4,1],[0,20],[4,67],[0,3],[4,1],[0,25],[4,1],[0,3],[4,1],[0,12],[4,1],[0,2],[4,1],[0,7],[4,2],[0,1],[4,2],[0,5],[4,1],[0,4],[4,1],[0,4],[4,1],[0,5],[4,1],[0,8],[4,1],[0,20],[4,63],[0,3],[4,1],[0,3],[4,1],[0,28],[4,2],[0,12],[4,4],[0,8],[4,3],[0,6],[4,1],[0,4],[4,1],[0,4],[4,6],[0,9],[4,1],[0,20],[4,63],[0,1],[4,10],[0,25],[4,1],[0,14],[4,2],[0,14],[4,16],[0,3],[4,1],[0,9],[4,1],[0,20],[4,63],[0,3],[4,1],[0,3],[4,1],[0,28],[4,1],[0,14],[4,2],[0,14],[4,1],[0,3],[4,1],[0,4],[4,1],[0,9],[4,1],[0,9],[4,1],[0,20],[4,63],[0,3],[4,1],[0,3],[4,1],[0,1],[4,1],[0,26],[4,1],[0,9],[4,7],[0,23],[4,1],[0,1],[4,1],[0,7],[4,1],[0,7],[4,3],[0,20],[4,73],[0,26],[4,1],[0,9],[4,1],[0,4],[4,2],[0,15],[4,27],[0,7],[4,2],[0,13],[4,63],[0,3],[4,1],[0,31],[4,2],[0,9],[4,1],[0,4],[4,2],[0,3],[4,6],[0,6],[4,1],[0,2],[4,1],[0,4],[4,1],[0,4],[4,1],[0,4],[4,1],[0,6],[4,1],[0,7],[4,2],[0,15],[4,62],[0,3],[4,1],[0,4],[4,1],[0,25],[4,2],[0,14],[4,3],[0,3],[4,1],[0,4],[4,2],[0,5],[4,1],[0,2],[4,1],[0,4],[4,1],[0,4],[4,1],[0,4],[4,1],[0,6],[4,1],[0,5],[4,3],[0,16],[4,74],[0,15],[4,4],[0,18],[4,2],[0,1],[4,2],[0,1],[4,2],[0,5],[4,30],[0,1],[4,1],[0,5],[4,1],[0,18],[4,61],[0,4],[4,1],[0,4],[4,1],[0,18],[4,1],[0,25],[4,3],[0,12],[4,1],[0,2],[4,1],[0,4],[4,1],[0,4],[4,1],[0,4],[4,1],[0,3],[4,1],[0,2],[4,1],[0,5],[4,1],[0,18],[4,61],[0,4],[4,1],[0,4],[4,1],[0,16],[4,3],[0,27],[4,4],[0,9],[4,1],[0,2],[4,1],[0,4],[4,1],[0,4],[4,1],[0,2],[4,1],[0,1],[4,1],[0,3],[4,1],[0,2],[4,1],[0,5],[4,1],[0,19],[4,59],[0,1],[4,12],[0,1],[4,1],[0,11],[4,2],[0,32],[4,2],[0,8],[4,26],[0,5],[4,1],[0,19],[4,59],[0,5],[4,1],[0,4],[4,1],[0,3],[4,1],[0,11],[4,1],[0,34],[4,1],[0,9],[4,1],[0,1],[4,1],[0,4],[4,1],[0,4],[4,6],[0,3],[4,1],[0,2],[4,1],[0,5],[4,1],[0,20],[4,58],[0,5],[4,1],[0,4],[4,1],[0,3],[4,1],[0,10],[4,2],[0,34],[4,1],[0,5],[4,1],[0,5],[4,1],[0,4],[4,1],[0,4],[4,1],[0,1],[4,4],[0,3],[4,1],[0,1],[4,2],[0,5],[4,1],[0,20],[4,73],[0,10],[4,4],[0,32],[4,2],[0,4],[4,24],[0,1],[4,1],[0,1],[4,1],[0,6],[4,1],[0,21],[4,55],[0,1],[4,1],[0,2],[4,1],[0,2],[4,1],[0,4],[4,1],[0,2],[4,1],[0,11],[4,1],[0,2],[4,3],[0,31],[4,2],[0,4],[4,1],[0,4],[4,1],[0,4],[4,1],[0,4],[4,1],[0,4],[4,1],[0,3],[4,1],[0,1],[4,1],[0,6],[4,1],[0,21],[4,55],[0,1],[4,1],[0,5],[4,1],[0,4],[4,1],[0,2],[4,1],[0,7],[4,5],[0,4],[4,3],[0,30],[4,1],[0,4],[4,1],[0,4],[4,1],[0,4],[4,1],[0,4],[4,6],[0,4],[4,2],[0,6],[4,1],[0,22],[4,53],[0,2],[4,7],[0,4],[4,10],[0,1],[4,1],[0,3],[4,1],[0,6],[4,1],[0,30],[4,1],[0,4],[4,1],[0,4],[4,1],[0,4],[4,1],[0,4],[4,1],[0,1],[4,1],[0,2],[4,1],[0,4],[4,1],[0,7],[4,1],[0,23],[4,51],[0,3],[4,1],[0,19],[4,1],[0,1],[4,1],[0,10],[4,1],[0,30],[4,1],[0,2],[4,3],[0,16],[4,1],[0,2],[4,1],[0,1],[4,4],[0,7],[4,1],[0,24],[4,49],[0,24],[4,1],[0,1],[4,1],[0,10],[4,1],[0,30],[4,1],[0,2],[4,4],[0,15],[4,1],[0,2],[4,1],[0,1],[4,1],[0,10],[4,1],[0,24],[4,50],[0,23],[4,3],[0,5],[4,4],[0,1],[4,1],[0,30],[4,1],[0,4],[4,3],[0,14],[4,1],[0,2],[4,1],[0,1],[4,1],[0,10],[4,1],[0,25],[4,47],[0,1],[4,1],[0,10],[4,6],[0,8],[4,2],[0,2],[4,4],[0,2],[4,3],[0,30],[4,1],[0,4],[4,1],[0,1],[4,2],[0,13],[4,1],[0,2],[4,1],[0,12],[4,1],[0,26],[4,48],[0,8],[4,3],[0,4],[4,1],[0,9],[4,1],[0,2],[4,1],[0,7],[4,1],[0,30],[4,1],[0,3],[4,2],[0,2],[4,1],[0,12],[4,2],[0,2],[4,1],[0,12],[4,1],[0,27],[4,43],[0,3],[4,1],[0,13],[4,3],[0,12],[4,1],[0,5],[4,3],[0,30],[4,5],[0,3],[4,1],[0,16],[4,1],[0,12],[4,1],[0,29],[4,39],[0,5],[4,3],[0,11],[4,1],[0,14],[4,1],[0,5],[4,1],[0,1],[4,1],[0,38],[4,1],[0,5],[4,1],[0,10],[4,1],[0,12],[4,1],[0,30],[4,37],[0,6],[4,1],[0,1],[4,3],[0,9],[4,2],[0,13],[4,1],[0,5],[4,3],[0,38],[4,1],[0,5],[4,1],[0,10],[4,1],[0,12],[4,1],[0,31],[4,35],[0,7],[4,2],[0,2],[4,1],[0,10],[4,2],[0,11],[4,2],[0,46],[4,2],[0,1],[4,4],[0,10],[4,1],[0,12],[4,1],[0,33],[4,31],[0,10],[4,1],[0,2],[4,3],[0,9],[4,2],[0,9],[4,2],[0,48],[4,3],[0,2],[4,1],[0,10],[4,1],[0,12],[4,1],[0,35],[4,27],[0,11],[4,5],[0,1],[4,3],[0,8],[4,2],[0,8],[4,1],[0,54],[4,1],[0,10],[4,3],[0,10],[4,2],[0,7],[4,3],[0,26],[4,23],[0,13],[4,1],[0,3],[4,3],[0,1],[4,2],[0,8],[4,1],[0,7],[4,2],[0,54],[4,1],[0,12],[4,1],[0,11],[4,2],[0,5],[4,2],[0,1],[4,3],[0,28],[4,15],[0,17],[4,1],[0,5],[4,2],[0,1],[4,3],[0,6],[4,3],[0,5],[4,1],[0,53],[4,5],[0,8],[4,3],[0,12],[4,2],[0,3],[4,2],[0,4],[4,2],[0,34],[4,1],[0,22],[4,3],[0,6],[4,3],[0,1],[4,4],[0,5],[4,3],[0,2],[4,2],[0,41],[4,7],[0,4],[4,2],[0,3],[4,1],[0,7],[4,2],[0,1],[4,1],[0,13],[4,5],[0,6],[4,1],[0,55],[4,3],[0,10],[4,1],[0,4],[4,2],[0,6],[4,2],[0,1],[4,1],[0,40],[4,1],[0,7],[4,6],[0,4],[4,3],[0,4],[4,2],[0,2],[4,1],[0,24],[4,1],[0,55],[4,2],[0,11],[4,2],[0,4],[4,1],[0,7],[4,3],[0,38],[4,5],[0,6],[4,2],[0,9],[4,6],[0,2],[4,2],[0,24],[4,1],[0,69],[4,1],[0,4],[4,2],[0,7],[4,1],[0,35],[4,5],[0,3],[4,1],[0,19],[4,1],[0,4],[4,3],[0,24],[4,1],[0,69],[4,1],[0,5],[4,1],[0,7],[4,1],[0,35],[4,1],[0,7],[4,1],[0,19],[4,1],[0,3],[4,2],[0,1],[4,1],[0,24],[4,2],[0,68],[4,3],[0,3],[4,3],[0,5],[4,1],[0,35],[4,2],[0,6],[4,1],[0,19],[4,2],[0,2],[4,1],[0,2],[4,1],[0,25],[4,4],[0,65],[4,1],[0,1],[4,1],[0,5],[4,7],[0,36],[4,1],[0,6],[4,1],[0,19],[4,3],[0,1],[4,1],[0,2],[4,1],[0,28],[4,1],[0,14],[4,1],[0,50],[4,1],[0,7],[4,1],[0,42],[4,1],[0,6],[4,1],[0,18],[4,2],[0,1],[4,3],[0,2],[4,1],[0,28],[4,2],[0,13],[4,1],[0,45],[4,1],[0,4],[4,1],[0,4],[4,1],[0,2],[4,3],[0,40],[4,1],[0,6],[4,1],[0,15],[4,4],[0,7],[4,1],[0,29],[4,2],[0,12],[4,1],[0,45],[4,1],[0,4],[4,1],[0,4],[4,1],[0,4],[4,1],[0,40],[4,1],[0,6],[4,1],[0,14],[4,2],[0,10],[4,1],[0,30],[4,2],[0,9],[4,3],[0,42],[4,19],[0,25],[4,2],[0,13],[4,2],[0,5],[4,1],[0,14],[4,1],[0,11],[4,1],[0,31],[4,2],[0,1],[4,4],[0,2],[4,2],[0,44],[4,1],[0,2],[4,1],[0,3],[4,2],[0,4],[4,1],[0,4],[4,1],[0,24],[4,2],[0,15],[4,1],[0,5],[4,1],[0,12],[4,3],[0,11],[4,1],[0,32],[4,3],[0,2],[4,4],[0,45],[4,1],[0,2],[4,1],[0,4],[4,1],[0,3],[4,2],[0,4],[4,1],[0,14],[4,2],[0,6],[4,3],[0,16],[4,1],[0,5],[4,1],[0,12],[4,1],[0,8],[4,7],[0,32],[4,2],[0,52],[4,15],[0,2],[4,1],[0,13],[4,3],[0,6],[4,1],[0,18],[4,2],[0,4],[4,1],[0,12],[4,1],[0,6],[4,3],[0,5],[4,2],[0,31],[4,1],[0,54],[4,2],[0,3],[4,2],[0,4],[4,1],[0,4],[4,1],[0,10],[4,4],[0,1],[4,2],[0,4],[4,2],[0,19],[4,1],[0,4],[4,1],[0,4],[4,2],[0,6],[4,1],[0,5],[4,2],[0,8],[4,2],[0,8],[4,1],[0,20],[4,2],[0,55],[4,1],[0,4],[4,1],[0,4],[4,1],[0,2],[4,3],[0,7],[4,4],[0,5],[4,2],[0,2],[4,2],[0,20],[4,2],[0,3],[4,1],[0,4],[4,3],[0,5],[4,1],[0,5],[4,1],[0,10],[4,2],[0,1],[4,4],[0,2],[4,3],[0,18],[4,1],[0,52],[4,7],[0,2],[4,19],[0,9],[4,1],[0,2],[4,1],[0,22],[4,10],[0,1],[4,4],[0,2],[4,1],[0,4],[4,2],[0,11],[4,3],[0,2],[4,1],[0,4],[4,2],[0,17],[4,1],[0,56],[4,1],[0,4],[4,1],[0,3],[4,1],[0,3],[4,1],[0,19],[4,1],[0,2],[4,1],[0,22],[4,3],[0,11],[4,4],[0,3],[4,2],[0,17],[4,1],[0,5],[4,1],[0,17],[4,1],[0,53],[4,1],[0,2],[4,1],[0,4],[4,1],[0,3],[4,1],[0,3],[4,3],[0,17],[4,1],[0,2],[4,6],[0,17],[4,3],[0,14],[4,5],[0,18],[4,1],[0,5],[4,3],[0,15],[4,1],[0,49],[4,6],[0,1],[4,1],[0,1],[4,11],[0,2],[4,1],[0,17],[4,1],[0,7],[4,3],[0,55],[4,1],[0,7],[4,1],[0,15],[4,1],[0,53],[4,1],[0,3],[4,1],[0,3],[4,1],[0,3],[4,1],[0,5],[4,1],[0,17],[4,1],[0,9],[4,2],[0,54],[4,1],[0,7],[4,1],[0,15],[4,1],[0,53],[4,1],[0,3],[4,1],[0,3],[4,2],[0,2],[4,1],[0,5],[4,1],[0,17],[4,1],[0,10],[4,1],[0,54],[4,1],[0,7],[4,1],[0,15],[4,1],[0,53],[4,15],[0,3],[4,8],[0,10],[4,1],[0,10],[4,2],[0,53],[4,1],[0,5],[4,3],[0,12],[4,4],[0,57],[4,1],[0,3],[4,1],[0,3],[4,1],[0,1],[4,1],[0,1],[4,3],[0,6],[4,3],[0,8],[4,1],[0,11],[4,2],[0,52],[4,1],[0,2],[4,1],[0,2],[4,1],[0,14],[4,1],[0,3],[4,1],[0,56],[4,1],[0,3],[4,5],[0,1],[4,1],[0,1],[4,1],[0,10],[4,3],[0,6],[4,1],[0,12],[4,3],[0,50],[4,1],[0,2],[4,4],[0,14],[4,1],[0,3],[4,1],[0,51],[4,8],[0,1],[4,1],[0,5],[4,3],[0,12],[4,1],[0,6],[4,1],[0,14],[4,2],[0,49],[4,1],[0,5],[4,3],[0,12],[4,1],[0,3],[4,1],[0,49],[4,3],[0,4],[4,1],[0,3],[4,1],[0,6],[4,1],[0,13],[4,6],[0,1],[4,1],[0,15],[4,3],[0,44],[4,4],[0,7],[4,19],[0,22],[4,3],[0,23],[4,1],[0,6],[4,1],[0,9],[4,2],[0,18],[4,3],[0,17],[4,1],[0,47],[4,1],[0,20],[4,1],[0,4],[4,1],[0,21],[4,2],[0,1],[4,2],[0,22],[4,1],[0,13],[4,8],[0,35],[4,1],[0,47],[4,1],[0,20],[4,2],[0,3],[4,23],[0,3],[4,26],[0,10],[4,2],[0,6],[4,1],[0,35],[4,2],[0,46],[4,1],[0,20],[4,1],[0,6],[4,1],[0,15],[4,1],[0,15],[4,1],[0,14],[4,1],[0,11],[4,2],[0,7],[4,1],[0,36],[4,11],[0,36],[4,1],[0,16],[4,8],[0,3],[4,1],[0,15],[4,1],[0,15],[4,1],[0,14],[4,1],[0,11],[4,1],[0,8],[4,1],[0,37],[4,1],[0,8],[4,6],[0,31],[4,1],[0,16],[4,1],[0,10],[4,1],[0,14],[4,2],[0,15],[4,1],[0,26],[4,1],[0,8],[4,3],[0,49],[4,1],[0,31],[4,1],[0,16],[4,1],[0,10],[4,1],[0,14],[4,1],[0,16],[4,1],[0,26],[4,1],[0,4],[4,2],[0,3],[4,3],[0,48],[4,2],[0,30],[4,1],[0,15],[4,2],[0,10],[4,1],[0,14],[4,1],[0,16],[4,1],[0,6],[4,3],[0,17],[4,1],[0,4],[4,6],[0,1],[4,1],[0,49],[4,2],[0,29],[4,1],[0,15],[4,1],[0,9],[4,3],[0,14],[4,1],[0,16],[4,1],[0,1],[4,6],[0,1],[4,1],[0,17],[4,6],[0,6],[4,1],[0,50],[4,1],[0,29],[4,1],[0,15],[4,1],[0,9],[4,1],[0,16],[4,1],[0,16],[4,1],[0,1],[4,1],[0,2],[4,1],[0,3],[4,2],[0,19],[4,1],[0,5],[4,1],[0,1],[4,3],[0,79],[4,1],[0,14],[4,2],[0,9],[4,1],[0,16],[4,1],[0,16],[4,1],[0,1],[4,1],[0,1],[4,2],[0,4],[4,1],[0,16],[4,4],[0,5],[4,3],[0,1],[4,1],[0,1],[4,1],[0,77],[4,1],[0,25],[4,1],[0,16],[4,1],[0,16],[4,3],[0,1],[4,1],[0,5],[4,1],[0,16],[4,1],[0,1],[4,2],[0,9],[4,1],[0,1],[4,1],[0,77],[4,1],[0,25],[4,1],[0,15],[4,2],[0,16],[4,1],[0,8],[4,2],[0,15],[4,2],[0,2],[4,2],[0,8],[4,1],[0,1],[4,1],[0,77],[4,1],[0,25],[4,1],[0,12],[4,4],[0,17],[4,1],[0,8],[4,1],[0,13],[4,4],[0,4],[4,2],[0,7],[4,1],[0,1],[4,1],[0,77],[4,1],[0,24],[4,2],[0,11],[4,2],[0,19],[4,2],[0,1],[4,9],[0,11],[4,2],[0,8],[4,1],[0,5],[4,6],[0,55],[4,6],[0,15],[4,1],[0,24],[4,1],[0,11],[4,2],[0,20],[4,4],[0,7],[4,6],[0,5],[4,2],[0,9],[4,1],[0,10],[4,1],[0,54],[4,2],[0,4],[4,7],[0,8],[4,2],[0,24],[4,1],[0,11],[4,1],[0,21],[4,1],[0,15],[4,2],[0,3],[4,3],[0,9],[4,1],[0,10],[4,1],[0,52],[4,3],[0,20],[4,1],[0,25],[4,1],[0,10],[4,2],[0,21],[4,1],[0,16],[4,2],[0,1],[4,2],[0,1],[4,1],[0,9],[4,2],[0,9],[4,1],[0,51],[4,2],[0,22],[4,1],[0,25],[4,1],[0,10],[4,1],[0,22],[4,1],[0,17],[4,3],[0,13],[4,2],[0,8],[4,1],[0,75],[4,1],[0,25],[4,1],[0,10],[4,1],[0,22],[4,1],[0,16],[4,2],[0,16],[4,3],[0,4],[4,4],[0,74],[4,1],[0,25],[4,1],[0,33],[4,1],[0,15],[4,2],[0,19],[4,6],[0,2],[4,1],[0,69],[4,2],[0,3],[4,1],[0,25],[4,1],[0,33],[4,1],[0,14],[4,2],[0,22],[4,1],[0,5],[4,1],[0,70],[4,2],[0,2],[4,1],[0,23],[4,3],[0,7],[4,1],[0,24],[4,2],[0,14],[4,1],[0,22],[4,2],[0,5],[4,1],[0,71],[4,4],[0,22],[4,2],[0,33],[4,2],[0,15],[4,1],[0,19],[4,4],[0,6],[4,4],[0,71],[4,1],[0,22],[4,1],[0,33],[4,2],[0,16],[4,1],[0,16],[4,4],[0,12],[4,3],[0,69],[4,1],[0,11],[4,12],[0,67],[4,2],[0,1],[4,6],[0,10],[4,2],[0,68],[4,1],[0,22],[4,1],[0,66],[4,2],[0,2],[4,1],[0,4],[4,1],[0,11],[4,2],[0,67],[4,1],[0,22],[4,1],[0,70],[4,1],[0,4],[4,1],[0,12],[4,1],[0,67],[4,1],[0,22],[4,10],[0,66],[4,1],[0,12],[4,1],[0,67],[4,1],[0,22],[4,2],[0,7],[4,1],[0,66],[4,1],[0,12],[4,2],[0,66],[4,1],[0,23],[4,1],[0,7],[4,1],[0,66],[4,1],[0,13],[4,1],[0,6],[4,1],[0,59],[4,1],[0,23],[4,1],[0,7],[4,2],[0,65],[4,1],[0,13],[4,1],[0,6],[4,1],[0,24],[4,2],[0,3],[4,1],[0,3],[4,2],[0,24],[4,1],[0,23],[4,1],[0,8],[4,2],[0,64],[4,1],[0,13],[4,2],[0,4],[4,2],[0,25],[4,2],[0,1],[4,3],[0,2],[4,1],[0,25],[4,1],[0,21],[4,3],[0,9],[4,1],[0,64],[4,1],[0,14],[4,2],[0,2],[4,2],[0,27],[4,5],[0,28],[4,1],[0,21],[4,1],[0,74],[4,3],[0,15],[4,1],[0,2],[4,1],[0,30],[4,5],[0,26],[4,1],[0,21],[4,1],[0,74],[4,1],[0,17],[4,1],[0,2],[4,1],[0,30],[4,6],[0,25],[4,1],[0,20],[4,2],[0,73],[4,2],[0,17],[4,1],[0,2],[4,2],[0,31],[4,2],[0,1],[4,1],[0,25],[4,1],[0,20],[4,1],[0,73],[4,2],[0,17],[4,2],[0,3],[4,2],[0,30],[4,1],[0,2],[4,1],[0,25],[4,1],[0,20],[4,1],[0,73],[4,1],[0,18],[4,1],[0,5],[4,2],[0,29],[4,2],[0,1],[4,1],[0,25],[4,1],[0,20],[4,1],[0,73],[4,3],[0,15],[4,2],[0,6],[4,1],[0,30],[4,1],[0,1],[4,1],[0,25],[4,1],[0,20],[4,1],[0,91],[4,1],[0,7],[4,1],[0,30],[4,1],[0,1],[4,1],[0,31],[4,1],[0,14],[4,1],[0,91],[4,1],[0,7],[4,1],[0,6],[4,5],[0,16],[4,6],[0,31],[4,1],[0,14],[4,8],[0,84],[4,1],[0,7],[4,1],[0,5],[4,2],[0,3],[4,2],[0,2],[4,4],[0,9],[4,1],[0,1],[4,3],[0,32],[4,2],[0,103],[4,3],[0,7],[4,1],[0,1],[4,5],[0,5],[4,4],[0,2],[4,2],[0,2],[4,7],[0,1],[4,1],[0,35],[4,1],[0,103],[4,1],[0,9],[4,1],[0,1],[4,1],[0,16],[4,1],[0,2],[4,1],[0,7],[4,1],[0,35],[4,1],[0,102],[4,2],[0,9],[4,3],[0,16],[4,4],[0,7],[4,1],[0,35],[4,1],[0,102],[4,1],[0,10],[4,1],[0,1],[4,1],[0,27],[4,1],[0,14],[4,6],[0,9190]]
,[[0,5],[3,35],[4,15],[3,17],[0,87],[3,21],[0,7],[3,64],[0,89],[3,20],[0,12],[2,8],[0,4],[3,47],[0,90],[3,19],[0,25],[3,45],[0,93],[3,17],[0,26],[3,43],[0,96],[3,15],[0,27],[3,23],[4,7],[3,11],[0,100],[3,12],[0,28],[3,21],[4,9],[3,9],[0,107],[2,2],[0,33],[3,19],[4,11],[3,8],[0,143],[3,17],[4,13],[3,7],[0,144],[3,16],[4,13],[3,7],[0,146],[3,14],[4,13],[3,7],[0,148],[3,12],[4,13],[3,7],[2,1],[0,150],[3,9],[4,13],[3,7],[0,153],[3,7],[4,13],[3,7],[0,153],[3,7],[4,13],[3,7],[0,153],[3,8],[4,11],[3,8],[0,153],[3,9],[4,9],[3,9],[0,154],[3,9],[4,7],[3,9],[0,155],[3,25],[0,156],[3,23],[0,158],[3,21],[0,160],[3,19],[0,162],[3,17],[0,97],[4,1],[0,66],[3,15],[0,167],[3,11],[0,174],[2,1],[0,290],[4,1],[0,355],[4,1],[0,89],[4,1],[0,1516],[4,1],[0,91],[4,6],[0,188],[4,4],[0,5],[4,1],[0,361],[4,1],[0,422],[4,1],[0,278],[4,1],[0,404],[4,1],[0,1579],[4,1],[0,272],[4,1],[0,1539],[4,1],[0,72],[4,1],[0,111],[4,1],[0,24],[4,2],[0,323],[4,1],[0,4],[4,1],[0,189],[4,1],[0,358],[4,1],[0,20],[4,2],[0,204],[4,1],[0,485],[4,1],[0,1374],[4,1],[0,11],[4,7],[0,951],[4,1],[0,156],[4,1],[0,1407],[4,1],[0,54],[4,1],[0,2090],[4,7],[0,445],[4,2],[0,898],[4,2],[0,1164],[4,7],[0,812],[4,1],[0,9240]]
,[[0,5],[3,22],[0,18],[3,17],[0,125],[3,18],[0,19],[3,19],[0,129],[2,8],[0,23],[3,21],[0,158],[3,23],[0,156],[3,25],[0,155],[3,9],[4,7],[3,9],[0,154],[3,9],[4,9],[3,9],[0,153],[3,8],[4,11],[3,8],[0,153],[3,7],[4,13],[3,7],[0,153],[3,7],[4,13],[3,7],[0,153],[3,7],[4,13],[3,7],[0,152],[2,1],[3,7],[4,13],[3,7],[2,1],[0,152],[3,7],[4,13],[3,7],[0,153],[3,7],[4,13],[3,7],[0,153],[3,7],[4,13],[3,7],[0,153],[3,8],[4,11],[3,8],[0,153],[3,9],[4,9],[3,9],[0,154],[3,9],[4,7],[3,9],[0,155],[3,25],[0,156],[3,23],[0,158],[3,21],[0,160],[3,19],[0,162],[3,17],[0,164],[3,15],[0,167],[3,11],[0,174],[2,1],[0,7595],[4,1],[0,1616],[4,1],[0,1374],[4,1],[0,17258]]
,[[0,5],[3,22],[0,160],[3,18],[0,167],[2,8],[0,32020]]
,[[0,32400]]
,[[0,32400]]
,[[0,32400]]
,[[0,32400]]
,[[0,32400]]
,[[0,32400]]
,[[0,32400]]
],"explored":[[[false,32400]]
,[[false,32400]]
,[[false,32400]]
,[[false,32400]]
,[[false,32400]]
,[[false,32400]]
,[[false,32400]]
,[[false,32400]]
,[[false,32400]]
,[[false,32400]]
,[[false,32400]]
,[[false,32400]]
,[[false,32400]]
,[[false,32400]]
,[[false,32400]]
,[[false,32400]]
,[[false,32400]]
,[[false,32400]]
,[[false,32400]]
,[[false,32400]]
,[[false,32400]]
],"notes":[[],[],[],[],[],[],[],[],[],[],[],[],[],[],[],[],[],[],[],[],[]],"extras":[[],[],[],[],[],[],[],[],[],[],[[47,1,"mx_huckleberry_patch"]
,[40,2,"mx_clay_deposit"]
,[38,12,"mx_sand_patch"]
,[37,11,"mx_grass"]
,[35,15,"mx_trees2"]
,[36,15,"mx_grass2"]
,[39,16,"mx_grass2"]
,[34,15,"mx_sand_patch"]
,[31,12,"mx_grass"]
,[31,13,"mx_grass2"]
,[31,14,"mx_grass2"]
,[30,12,"mx_grass2"]
,[30,13,"mx_grass"]
,[31,17,"mx_casings"]
,[31,18,"mx_grass2"]
,[33,18,"mx_grass"]
,[34,9,"mx_trees2"]
,[48,3,"mx_spider"]
,[49,2,"mx_reed"]
,[50,4,"mx_reed"]
,[50,5,"mx_reed"]
,[50,7,"mx_reed"]
,[51,7,"mx_reed"]
,[52,7,"mx_reed"]
,[49,9,"mx_nest_dermatik"]
,[53,8,"mx_reed"]
,[54,11,"mx_reed"]
,[49,12,"mx_spider"]
,[54,12,"mx_reed"]
,[53,17,"mx_grass2"]
,[51,18,"mx_grass"]
,[56,15,"mx_reed"]
,[56,17,"mx_reed"]
,[57,19,"mx_reed"]
,[57,21,"mx_reed"]
,[57,23,"mx_reed"]
,[51,21,"mx_trees"]
,[52,24,"mx_grass2"]
,[49,25,"mx_glass_and_crystal"]
,[51,25,"mx_trees"]
,[51,26,"mx_grass2"]
,[53,26,"mx_trees2"]
,[47,11,"mx_drugdeal"]
],[],[],[],[],[],[],[],[],[],[]]}