# version 39
{"visible":[[[0,32400]]
,[[0,32400]]
,[[0,32400]]
,[[0,32400]]
,[[0,32400]]
,[[0,32400]]
,[[0,32400]]
,[[0,32400]]
,[[0,32400]]
,[[0,32400]]
,[[0,1234],[4,2],[0,177],[4,2],[0,177],[4,2],[0,173],[4,6],[0,173],[4,2],[0,178],[4,1],[0,176],[4,4],[0,175],[4,2],[0,178],[4,1],[0,176],[4,4],[0,176],[4,1],[0,2],[4,1],[0,179],[4,2],[0,179],[4,1],[0,179],[4,1],[0,179],[4,1],[0,179],[4,1],[0,179],[4,3],[0,3053],[4,1],[0,2703],[4,1],[0,179],[4,1],[0,175],[4,5],[0,2187],[4,1],[0,179],[4,1],[0,179],[4,1],[0,179],[4,1],[0,179],[4,1],[0,179],[4,1],[0,179],[4,1],[0,179],[4,1],[0,147],[4,2],[0,30],[4,1],[0,179],[4,1],[0,179],[4,1],[0,179],[4,1],[0,178],[4,2],[0,177],[4,2],[0,176],[4,3],[0,174],[4,4],[0,162],[4,1],[0,11],[4,3],[0,165],[4,3],[0,9],[4,1],[0,169],[4,4],[0,6],[4,1],[0,172],[4,4],[0,3],[4,1],[0,175],[4,2],[0,2],[4,1],[0,176],[4,1],[0,2],[4,1],[0,176],[4,4],[0,179],[4,2],[0,179],[4,1],[0,179],[4,6],[0,176],[4,1],[0,2],[4,1],[0,176],[4,1],[0,2],[4,1],[0,169],[4,10],[0,170],[4,1],[0,8],[4,2],[0,169],[4,1],[0,9],[4,2],[0,179],[4,2],[0,179],[4,5],[0,179],[4,1],[0,179],[4,1],[0,179],[4,1],[0,179],[4,1],[0,179],[4,1],[0,179],[4,1],[0,179],[4,1],[0,179],[4,1],[0,179],[4,1],[0,179],[4,1],[0,179],[4,1],[0,179],[4,1],[0,179],[4,1],[0,179],[4,1],[0,179],[4,1],[0,179],[4,1],[0,179],[4,1],[0,168],[4,2],[0,9],[4,4],[0,166],[4,2],[0,8],[4,1],[0,170],[4,4],[0,3],[4,3],[0,173],[4,5],[0,176],[4,1],[0,179],[4,1],[0,179],[4,1],[0,179],[4,1],[0,179],[4,1],[0,179],[4,1],[0,179],[4,2],[0,9189]]
,[[0,32400]]
,[[0,32400]]
,[[0,32400]]
,[[0,32400]]
,[[0,32400]]
,[[0,32400]]
,[[0,32400]]
,[[0,32400]]
,[[0,32400]]
,[[0,32400]]
],"explored":[[[false,32400]]
,[[false,32400]]
,[[false,32400]]
,[[false,32400]]
,[[false,32400]]
,[[false,32400]]
,[[false,32400]]
,[[false,32400]]
,[[false,32400]]
,[[false,32400]]
,[[false,32400]]
,[[false,32400]]
,[[false,32400]]
,[[false,32400]]
,[[false,32400]]
,[[false,32400]]
,[[false,32400]]
,[[false,32400]]
,[[false,32400]]
,[[false,32400]]
,[[false,32400]]
],"notes":[[],[],[],[],[],[],[],[],[],[],[],[],[],[],[],[],[],[],[],[],[]],"extras":[[],[],[],[],[],[],[],[],[],[],[],[],[],[],[],[],[],[],[],[],[]]}