# version 39
{"visible":[[[0,32400]]
,[[0,32400]]
,[[0,32400]]
,[[0,32400]]
,[[0,32400]]
,[[0,32400]]
,[[0,32400]]
,[[0,32400]]
,[[0,32400]]
,[[0,32400]]
,[[4,3],[3,22],[0,155],[4,3],[3,22],[2,1],[0,154],[4,3],[3,22],[0,155],[4,3],[3,22],[0,155],[4,3],[3,22],[0,155],[4,3],[3,22],[0,155],[4,3],[3,22],[0,155],[4,3],[3,22],[0,155],[4,2],[3,23],[0,155],[4,2],[3,23],[0,155],[4,2],[3,23],[0,155],[4,1],[3,23],[0,156],[4,1],[3,23],[0,156],[3,24],[0,156],[3,24],[0,156],[3,23],[0,157],[3,23],[0,157],[3,22],[0,158],[3,22],[0,158],[3,22],[0,158],[3,21],[0,159],[3,21],[0,159],[3,20],[0,160],[3,20],[0,160],[3,19],[0,161],[3,18],[0,162],[3,18],[0,162],[3,17],[0,163],[3,16],[0,164],[3,15],[0,165],[3,15],[0,165],[3,14],[0,166],[3,13],[0,167],[3,12],[0,168],[3,11],[0,169],[3,9],[0,171],[3,8],[0,172],[3,7],[0,173],[3,5],[0,175],[3,4],[0,176],[3,2],[0,25198]]
,[[4,3],[3,22],[0,155],[4,3],[3,22],[2,1],[0,154],[4,3],[3,22],[0,155],[4,3],[3,22],[0,155],[4,3],[3,22],[0,155],[4,3],[3,22],[0,155],[4,3],[3,22],[0,155],[4,3],[3,22],[0,155],[4,2],[3,23],[0,155],[4,2],[3,23],[0,155],[4,2],[3,23],[0,155],[4,1],[3,23],[0,156],[4,1],[3,23],[0,156],[3,24],[0,156],[3,24],[0,156],[3,23],[0,157],[3,23],[0,157],[3,22],[0,158],[3,22],[0,158],[3,22],[0,158],[3,21],[0,159],[3,21],[0,159],[3,20],[0,160],[3,20],[0,160],[3,19],[0,161],[3,18],[0,162],[3,18],[0,162],[3,17],[0,163],[3,16],[0,164],[3,15],[0,165],[3,15],[0,165],[3,14],[0,166],[3,13],[0,167],[3,12],[0,168],[3,11],[0,169],[3,9],[0,171],[3,8],[0,172],[3,7],[0,173],[3,5],[0,175],[3,4],[0,176],[3,2],[0,25198]]
,[[4,3],[3,22],[0,155],[4,3],[3,22],[2,1],[0,154],[4,3],[3,22],[0,155],[4,3],[3,22],[0,155],[4,3],[3,22],[0,155],[4,3],[3,22],[0,155],[4,3],[3,22],[0,155],[4,3],[3,22],[0,155],[4,2],[3,23],[0,155],[4,2],[3,23],[0,155],[4,2],[3,23],[0,155],[4,1],[3,23],[0,156],[4,1],[3,23],[0,156],[3,24],[0,156],[3,24],[0,156],[3,23],[0,157],[3,23],[0,157],[3,22],[0,158],[3,22],[0,158],[3,22],[0,158],[3,21],[0,159],[3,21],[0,159],[3,20],[0,160],[3,20],[0,160],[3,19],[0,161],[3,18],[0,162],[3,18],[0,162],[3,17],[0,163],[3,16],[0,164],[3,15],[0,165],[3,15],[0,165],[3,14],[0,166],[3,13],[0,167],[3,12],[0,168],[3,11],[0,169],[3,9],[0,171],[3,8],[0,172],[3,7],[0,173],[3,5],[0,175],[3,4],[0,176],[3,2],[0,25198]]
,[[4,3],[3,22],[0,155],[4,3],[3,22],[2,1],[0,154],[4,3],[3,22],[0,155],[4,3],[3,22],[0,155],[4,3],[3,22],[0,155],[4,3],[3,22],[0,155],[4,3],[3,22],[0,155],[4,3],[3,22],[0,155],[4,2],[3,23],[0,155],[4,2],[3,23],[0,155],[4,2],[3,23],[0,155],[4,1],[3,23],[0,156],[4,1],[3,23],[0,156],[3,24],[0,156],[3,24],[0,156],[3,23],[0,157],[3,23],[0,157],[3,22],[0,158],[3,22],[0,158],[3,22],[0,158],[3,21],[0,159],[3,21],[0,159],[3,20],[0,160],[3,20],[0,160],[3,19],[0,161],[3,18],[0,162],[3,18],[0,162],[3,17],[0,163],[3,16],[0,164],[3,15],[0,165],[3,15],[0,165],[3,14],[0,166],[3,13],[0,167],[3,12],[0,168],[3,11],[0,169],[3,9],[0,171],[3,8],[0,172],[3,7],[0,173],[3,5],[0,175],[3,4],[0,176],[3,2],[0,25198]]
,[[4,3],[3,22],[0,155],[4,3],[3,22],[2,1],[0,154],[4,3],[3,22],[0,155],[4,3],[3,22],[0,155],[4,3],[3,22],[0,155],[4,3],[3,22],[0,155],[4,3],[3,22],[0,155],[4,3],[3,22],[0,155],[4,2],[3,23],[0,155],[4,2],[3,23],[0,155],[4,2],[3,23],[0,155],[4,1],[3,23],[0,156],[4,1],[3,23],[0,156],[3,24],[0,156],[3,24],[0,156],[3,23],[0,157],[3,23],[0,157],[3,22],[0,158],[3,22],[0,158],[3,22],[0,158],[3,21],[0,159],[3,21],[0,159],[3,20],[0,160],[3,20],[0,160],[3,19],[0,161],[3,18],[0,162],[3,18],[0,162],[3,17],[0,163],[3,16],[0,164],[3,15],[0,165],[3,15],[0,165],[3,14],[0,166],[3,13],[0,167],[3,12],[0,168],[3,11],[0,169],[3,9],[0,171],[3,8],[0,172],[3,7],[0,173],[3,5],[0,175],[3,4],[0,176],[3,2],[0,25198]]
,[[4,3],[3,22],[0,155],[4,3],[3,22],[2,1],[0,154],[4,3],[3,22],[0,155],[4,3],[3,22],[0,155],[4,3],[3,22],[0,155],[4,3],[3,22],[0,155],[4,3],[3,22],[0,155],[4,3],[3,22],[0,155],[4,2],[3,23],[0,155],[4,2],[3,23],[0,155],[4,2],[3,23],[0,155],[4,1],[3,23],[0,156],[4,1],[3,23],[0,156],[3,24],[0,156],[3,24],[0,156],[3,23],[0,157],[3,23],[0,157],[3,22],[0,158],[3,22],[0,158],[3,22],[0,158],[3,21],[0,159],[3,21],[0,159],[3,20],[0,160],[3,20],[0,160],[3,19],[0,161],[3,18],[0,162],[3,18],[0,162],[3,17],[0,163],[3,16],[0,164],[3,15],[0,165],[3,15],[0,165],[3,14],[0,166],[3,13],[0,167],[3,12],[0,168],[3,11],[0,169],[3,9],[0,171],[3,8],[0,172],[3,7],[0,173],[3,5],[0,175],[3,4],[0,176],[3,2],[0,25198]]
,[[4,3],[3,22],[0,155],[4,3],[3,22],[2,1],[0,154],[4,3],[3,22],[0,155],[4,3],[3,22],[0,155],[4,3],[3,22],[0,155],[4,3],[3,22],[0,155],[4,3],[3,22],[0,155],[4,3],[3,22],[0,155],[4,2],[3,23],[0,155],[4,2],[3,23],[0,155],[4,2],[3,23],[0,155],[4,1],[3,23],[0,156],[4,1],[3,23],[0,156],[3,24],[0,156],[3,24],[0,156],[3,23],[0,157],[3,23],[0,157],[3,22],[0,158],[3,22],[0,158],[3,22],[0,158],[3,21],[0,159],[3,21],[0,159],[3,20],[0,160],[3,20],[0,160],[3,19],[0,161],[3,18],[0,162],[3,18],[0,162],[3,17],[0,163],[3,16],[0,164],[3,15],[0,165],[3,15],[0,165],[3,14],[0,166],[3,13],[0,167],[3,12],[0,168],[3,11],[0,169],[3,9],[0,171],[3,8],[0,172],[3,7],[0,173],[3,5],[0,175],[3,4],[0,176],[3,2],[0,25198]]
,[[0,32400]]
,[[0,32400]]
,[[0,32400]]
,[[0,32400]]
],"explored":[[[false,32400]]
,[[false,32400]]
,[[false,32400]]
,[[false,32400]]
,[[false,32400]]
,[[false,32400]]
,[[false,32400]]
,[[false,32400]]
,[[false,32400]]
,[[false,32400]]
,[[false,32400]]
,[[false,32400]]
,[[false,32400]]
,[[false,32400]]
,[[false,32400]]
,[[false,32400]]
,[[false,32400]]
,[[false,32400]]
,[[false,32400]]
,[[false,32400]]
,[[false,32400]]
],"notes":[[],[],[],[],[],[],[],[],[],[],[],[],[],[],[],[],[],[],[],[],[]],"extras":[[],[],[],[],[],[],[],[],[],[],[],[],[],[],[],[],[],[],[],[],[]]}