# version 39
{"visible":[[[0,32400]]
,[[0,32400]]
,[[0,32400]]
,[[0,32400]]
,[[0,32400]]
,[[0,32400]]
,[[0,32400]]
,[[0,32400]]
,[[0,30658],[4,1],[0,1741]]
,[[0,15073],[4,1],[0,4239],[4,1],[0,760],[4,1],[0,1457],[4,1],[0,4156],[4,1],[0,4968],[4,1],[0,1741]]
,[[0,1606],[2,1],[0,175],[3,2],[0,2],[3,5],[0,163],[3,19],[0,157],[3,27],[0,151],[3,31],[0,146],[3,35],[0,143],[3,37],[0,141],[3,39],[0,140],[3,40],[0,138],[3,42],[0,137],[3,43],[0,136],[3,26],[4,7],[3,11],[0,134],[3,27],[4,8],[3,11],[0,133],[3,26],[4,13],[3,8],[0,132],[3,27],[4,13],[3,8],[0,131],[3,27],[4,16],[3,6],[0,130],[3,27],[4,17],[3,6],[0,130],[3,27],[4,17],[3,6],[0,129],[3,28],[4,17],[3,6],[0,128],[3,29],[4,18],[3,5],[0,127],[3,30],[4,18],[3,5],[0,127],[3,30],[4,19],[3,4],[0,126],[3,24],[4,26],[3,4],[0,34],[4,2],[0,19],[4,1],[0,6],[4,1],[0,39],[4,1],[0,22],[3,4],[4,1],[3,19],[4,27],[3,4],[0,35],[4,1],[0,19],[4,1],[0,6],[4,1],[0,39],[4,1],[0,22],[3,3],[4,2],[3,17],[4,29],[3,4],[0,35],[4,2],[0,18],[4,1],[0,6],[4,1],[0,39],[4,1],[0,21],[3,4],[4,1],[3,18],[4,29],[3,4],[0,36],[4,1],[0,11],[4,1],[0,6],[4,1],[0,6],[4,1],[0,39],[4,1],[0,21],[3,4],[4,1],[3,17],[4,30],[3,4],[0,36],[4,1],[0,11],[4,1],[0,5],[4,3],[0,1],[4,3],[0,1],[4,1],[0,39],[4,4],[0,17],[3,5],[4,1],[3,16],[4,33],[3,2],[0,36],[4,1],[0,10],[4,8],[0,1],[4,3],[0,1],[4,3],[0,42],[4,1],[0,17],[3,5],[4,1],[3,13],[4,38],[0,36],[4,1],[0,10],[4,1],[0,5],[4,2],[0,50],[4,1],[0,17],[3,5],[4,1],[3,12],[4,39],[0,36],[4,1],[0,10],[4,1],[0,6],[4,1],[0,48],[4,4],[0,15],[3,6],[4,1],[3,12],[4,39],[0,36],[4,1],[0,10],[4,1],[0,6],[4,1],[0,47],[4,2],[0,2],[4,2],[0,14],[3,6],[4,1],[3,12],[4,39],[0,36],[4,1],[0,9],[4,2],[0,6],[4,1],[0,46],[4,2],[0,4],[4,1],[0,13],[3,7],[4,1],[3,9],[4,42],[0,36],[4,3],[0,4],[4,4],[0,7],[4,1],[0,52],[4,1],[0,13],[3,7],[4,1],[3,8],[4,43],[0,38],[4,1],[0,3],[4,2],[0,10],[4,1],[0,50],[4,3],[0,13],[3,7],[4,1],[3,8],[4,43],[0,38],[4,5],[0,11],[4,1],[0,50],[4,1],[0,15],[3,7],[4,1],[3,8],[4,43],[0,54],[4,1],[0,45],[4,2],[0,2],[4,4],[0,7],[4,1],[0,4],[3,8],[4,1],[3,8],[4,43],[0,54],[4,1],[0,27],[4,3],[0,15],[4,1],[0,4],[4,1],[0,1],[4,1],[0,6],[4,3],[0,3],[3,8],[4,1],[3,7],[4,2],[3,1],[4,41],[0,54],[4,1],[0,26],[4,2],[0,1],[4,1],[0,11],[4,2],[0,1],[4,2],[0,4],[4,1],[0,1],[4,4],[0,2],[4,2],[0,5],[3,8],[4,1],[3,5],[4,46],[0,54],[4,1],[0,29],[4,2],[0,11],[4,3],[0,5],[4,1],[0,4],[4,5],[0,5],[3,8],[4,1],[3,4],[4,47],[0,54],[4,1],[0,30],[4,1],[0,19],[4,1],[0,4],[4,2],[0,2],[4,4],[0,2],[3,8],[4,1],[3,4],[4,47],[0,54],[4,1],[0,27],[4,4],[0,19],[4,1],[0,11],[4,1],[0,2],[3,8],[4,1],[3,5],[4,46],[0,54],[4,1],[0,24],[4,4],[0,22],[4,1],[0,11],[4,2],[0,1],[3,8],[4,1],[3,5],[4,46],[0,54],[4,1],[0,24],[4,1],[0,25],[4,1],[0,12],[4,1],[0,1],[3,8],[4,1],[3,6],[4,45],[0,54],[4,1],[0,22],[4,3],[0,25],[4,1],[0,12],[4,4],[3,6],[4,1],[3,8],[4,43],[0,54],[4,1],[0,22],[4,1],[0,27],[4,1],[0,13],[2,1],[4,2],[3,6],[4,1],[3,5],[4,46],[0,53],[4,2],[0,22],[4,1],[0,27],[4,1],[0,13],[3,1],[4,3],[3,5],[4,1],[3,4],[4,47],[0,53],[4,1],[0,23],[4,1],[0,27],[4,1],[0,14],[4,1],[3,1],[4,2],[3,2],[4,54],[0,37],[4,3],[0,13],[4,1],[0,23],[4,1],[0,27],[4,1],[0,14],[4,1],[3,2],[4,1],[3,2],[4,1],[3,2],[4,51],[0,39],[4,2],[0,12],[4,1],[0,23],[4,1],[0,27],[4,1],[0,14],[4,4],[3,2],[4,1],[3,2],[4,51],[0,40],[4,3],[0,10],[4,1],[0,23],[4,1],[0,27],[4,1],[0,11],[4,5],[3,7],[4,51],[0,42],[4,1],[0,10],[4,1],[0,14],[4,5],[0,4],[4,1],[0,27],[4,1],[0,8],[4,4],[0,2],[3,1],[4,1],[3,7],[4,51],[0,42],[4,4],[0,7],[4,1],[0,14],[4,1],[0,5],[4,1],[0,2],[4,1],[0,27],[4,1],[0,8],[4,1],[0,5],[3,1],[4,1],[3,8],[4,50],[0,43],[4,1],[0,9],[4,1],[0,14],[4,1],[0,5],[4,1],[0,2],[4,1],[0,27],[4,1],[0,5],[4,5],[0,1],[3,2],[0,1],[3,1],[4,1],[3,8],[4,50],[0,43],[4,1],[0,9],[4,1],[0,14],[4,1],[0,5],[4,1],[0,2],[4,1],[0,27],[4,1],[0,4],[4,2],[0,3],[4,1],[0,2],[4,4],[3,7],[4,51],[0,43],[4,1],[0,9],[4,1],[0,2],[4,1],[0,11],[4,1],[0,5],[4,1],[0,2],[4,1],[0,27],[4,1],[0,4],[4,1],[0,4],[4,1],[3,1],[4,2],[3,8],[4,53],[0,17],[4,2],[0,22],[4,1],[0,1],[4,1],[0,9],[4,1],[0,2],[4,1],[0,5],[4,1],[0,2],[4,16],[0,24],[4,2],[0,3],[4,1],[0,4],[4,3],[3,7],[4,55],[0,18],[4,2],[0,21],[4,3],[0,6],[4,8],[0,1],[4,4],[0,2],[4,1],[0,2],[4,1],[0,2],[4,1],[0,2],[4,1],[0,2],[4,1],[0,14],[4,3],[0,9],[4,1],[0,1],[4,5],[0,4],[3,10],[4,55],[0,19],[4,1],[0,23],[4,4],[0,6],[4,1],[0,2],[4,1],[0,2],[4,1],[0,2],[4,1],[0,1],[4,3],[0,1],[4,1],[0,2],[4,1],[0,2],[4,1],[0,2],[4,1],[0,16],[4,1],[0,9],[4,1],[0,1],[4,1],[0,2],[4,1],[0,5],[3,10],[4,55],[0,19],[4,6],[0,21],[4,1],[0,6],[4,1],[0,2],[4,1],[0,2],[4,1],[0,2],[4,1],[0,2],[4,1],[0,2],[4,1],[0,2],[4,1],[0,2],[4,1],[0,2],[4,1],[0,16],[4,4],[0,4],[4,5],[0,2],[4,1],[0,4],[2,1],[3,10],[4,55],[0,24],[4,1],[0,21],[4,1],[0,6],[4,1],[0,2],[4,1],[0,2],[4,1],[0,2],[4,1],[0,2],[4,1],[0,2],[4,1],[0,2],[4,1],[0,2],[4,1],[0,2],[4,1],[0,19],[4,1],[0,6],[4,2],[0,3],[4,1],[0,4],[2,1],[3,10],[4,55],[0,24],[4,1],[0,21],[4,2],[0,5],[4,1],[0,2],[4,1],[0,2],[4,1],[0,2],[4,1],[0,2],[4,1],[0,1],[4,11],[0,19],[4,1],[0,1],[4,6],[0,4],[4,1],[0,4],[2,1],[3,10],[4,55],[0,24],[4,1],[0,22],[4,1],[0,5],[4,10],[0,1],[4,2],[0,5],[4,1],[0,2],[4,1],[0,2],[4,1],[0,19],[4,3],[0,9],[4,1],[0,5],[3,10],[4,55],[0,24],[4,2],[0,21],[4,1],[0,8],[4,1],[0,2],[4,1],[0,2],[4,1],[0,2],[4,1],[0,2],[4,1],[0,2],[4,1],[0,2],[4,1],[0,2],[4,1],[0,3],[4,1],[0,9],[4,8],[0,5],[4,12],[3,9],[4,55],[0,25],[4,1],[0,21],[4,1],[0,8],[4,1],[0,2],[4,1],[0,2],[4,1],[0,2],[4,1],[0,2],[4,1],[0,2],[4,1],[0,1],[4,1],[0,1],[4,3],[0,3],[4,1],[0,9],[4,1],[0,6],[4,2],[0,4],[4,1],[0,10],[4,3],[3,7],[4,55],[0,25],[4,1],[0,21],[4,1],[0,8],[4,1],[0,2],[4,1],[0,2],[4,1],[0,2],[4,1],[0,2],[4,1],[0,2],[4,1],[0,1],[4,1],[0,3],[4,1],[0,3],[4,1],[0,9],[4,1],[0,7],[4,1],[0,4],[4,1],[0,11],[3,1],[4,1],[0,1],[3,6],[4,55],[0,25],[4,1],[0,21],[4,1],[0,6],[4,13],[0,1],[4,1],[0,3],[4,2],[0,3],[4,1],[0,3],[4,1],[0,9],[4,1],[0,7],[4,1],[0,4],[4,1],[0,11],[4,2],[0,2],[3,6],[4,54],[0,25],[4,1],[0,21],[4,1],[0,8],[4,1],[0,2],[4,1],[0,2],[4,1],[0,2],[4,1],[0,2],[4,24],[0,7],[4,2],[0,3],[4,1],[0,10],[4,2],[0,3],[3,7],[4,37],[3,3],[4,1],[3,1],[4,11],[0,25],[4,1],[0,20],[4,2],[0,8],[4,1],[0,2],[4,1],[0,2],[4,1],[0,2],[4,1],[0,7],[4,1],[0,3],[4,1],[0,3],[4,1],[0,3],[4,1],[0,10],[4,10],[0,7],[4,3],[0,4],[3,7],[4,37],[3,3],[4,13],[0,25],[4,1],[0,20],[4,1],[0,9],[4,1],[0,2],[4,1],[0,2],[4,1],[0,2],[4,1],[0,2],[4,1],[0,4],[4,1],[0,3],[4,1],[0,3],[4,1],[0,3],[4,1],[0,3],[4,1],[0,1],[4,3],[0,1],[4,2],[0,4],[4,11],[0,1],[4,1],[0,6],[3,8],[4,36],[3,4],[4,12],[0,25],[4,1],[0,18],[4,44],[0,1],[4,1],[0,1],[4,1],[0,1],[4,3],[0,10],[4,1],[2,1],[0,3],[4,3],[0,6],[3,10],[4,1],[3,2],[4,31],[3,4],[4,12],[0,25],[4,1],[0,17],[4,2],[0,14],[4,1],[0,2],[4,1],[0,2],[4,1],[0,2],[4,1],[0,2],[4,1],[0,1],[4,1],[0,3],[4,1],[0,3],[4,1],[0,3],[4,1],[0,1],[4,1],[0,1],[4,1],[0,1],[4,1],[0,2],[4,1],[0,6],[3,5],[4,3],[3,3],[4,1],[3,1],[0,6],[3,14],[4,30],[3,4],[4,12],[0,25],[4,4],[0,10],[4,5],[0,18],[4,1],[0,8],[4,1],[0,5],[4,1],[0,3],[4,1],[0,3],[4,1],[0,3],[4,1],[0,1],[4,1],[0,2],[4,1],[0,4],[3,9],[4,1],[3,3],[4,2],[3,2],[0,4],[3,15],[4,30],[3,3],[4,12],[0,28],[4,2],[0,6],[4,4],[0,16],[4,36],[0,2],[4,2],[0,1],[3,11],[4,2],[3,8],[0,2],[3,8],[2,2],[3,5],[4,34],[3,1],[4,10],[0,29],[4,1],[0,3],[4,4],[0,17],[4,3],[0,3],[4,1],[0,4],[4,1],[0,5],[4,1],[0,5],[4,1],[0,3],[4,1],[0,3],[4,1],[0,9],[4,1],[3,13],[4,1],[3,22],[4,36],[3,2],[4,10],[0,29],[4,1],[0,2],[4,2],[0,20],[4,1],[0,5],[4,1],[0,4],[4,1],[0,5],[4,1],[0,5],[4,1],[0,3],[4,1],[0,3],[4,1],[0,4],[4,1],[0,3],[3,1],[4,2],[3,12],[4,4],[3,17],[4,10],[3,5],[4,23],[3,3],[4,9],[0,29],[4,1],[0,1],[4,2],[0,21],[4,1],[0,5],[4,1],[0,4],[4,27],[0,1],[3,3],[4,1],[3,15],[4,1],[3,17],[4,10],[3,5],[4,24],[3,3],[4,8],[0,29],[4,3],[0,28],[4,1],[0,4],[4,1],[0,5],[4,1],[0,5],[4,1],[0,3],[4,1],[0,3],[4,1],[0,5],[4,1],[3,4],[4,1],[3,15],[4,1],[3,16],[4,12],[3,4],[4,23],[3,4],[4,8],[0,60],[4,1],[0,4],[4,1],[0,2],[4,1],[0,2],[4,1],[0,5],[4,1],[0,3],[4,1],[0,3],[4,1],[0,5],[4,1],[3,4],[4,1],[3,15],[4,1],[3,15],[4,14],[3,3],[4,23],[3,4],[4,8],[0,56],[4,24],[0,1],[4,1],[0,8],[4,10],[3,11],[4,2],[3,13],[4,42],[3,4],[4,8],[0,58],[4,21],[0,2],[4,1],[0,8],[3,1],[4,1],[3,4],[4,1],[3,14],[4,1],[3,13],[4,44],[3,4],[4,7],[0,56],[4,26],[0,4],[4,1],[0,2],[3,2],[4,1],[3,4],[4,1],[3,14],[4,1],[3,12],[4,45],[3,4],[4,7],[0,54],[4,45],[3,4],[4,9],[3,12],[4,45],[3,4],[4,7],[0,53],[4,31],[0,2],[4,1],[0,1],[3,3],[4,1],[3,4],[4,1],[3,5],[4,11],[3,10],[4,46],[3,5],[4,6],[0,51],[4,36],[0,1],[3,3],[4,1],[3,4],[4,1],[3,3],[4,19],[3,2],[4,48],[3,6],[4,5],[0,50],[4,48],[3,2],[4,69],[3,6],[4,5],[0,49],[4,39],[3,3],[4,1],[3,7],[4,69],[3,9],[4,3],[0,48],[4,41],[3,2],[4,1],[3,5],[4,70],[3,11],[4,2],[0,47],[4,120],[3,13],[0,46],[4,45],[3,3],[4,71],[3,15],[0,46],[4,45],[3,1],[4,72],[3,16],[0,45],[4,114],[3,21],[0,18],[2,1],[0,25],[4,115],[3,21],[0,18],[3,7],[0,19],[4,115],[3,21],[0,18],[3,9],[0,16],[4,116],[3,21],[0,18],[3,11],[0,12],[4,118],[3,21],[0,18],[3,11],[0,13],[4,117],[3,14],[0,1],[3,6],[0,16],[3,12],[0,14],[4,119],[3,19],[0,15],[3,13],[0,14],[4,120],[3,18],[0,16],[3,11],[0,14],[4,122],[3,17],[0,16],[3,10],[0,15],[4,122],[3,17],[0,16],[3,10],[0,15],[4,123],[3,16],[0,16],[3,13],[0,12],[4,133],[3,6],[0,16],[3,2],[4,5],[3,6],[0,12],[4,134],[3,5],[0,17],[3,1],[4,6],[3,5],[0,12],[4,135],[3,4],[0,17],[3,1],[4,8],[3,6],[0,8],[3,1],[4,136],[3,3],[0,18],[4,8],[3,6],[0,7],[3,1],[4,137],[3,3],[0,13],[4,14],[3,6],[0,5],[3,3],[4,136],[0,13],[4,18],[3,7],[0,1],[3,4],[4,136],[0,14],[4,20],[3,11],[4,135],[0,13],[4,21],[3,11],[4,133],[0,11],[4,1],[0,2],[4,23],[3,10],[4,126],[3,2],[4,4],[3,1],[0,12],[4,26],[3,9],[4,115],[3,1],[4,6],[3,4],[0,4],[4,1],[3,1],[0,14],[4,25],[3,9],[4,117],[3,9],[2,1],[0,3],[4,1],[3,2],[0,13],[4,26],[3,3],[0,1],[3,5],[4,113],[3,2],[4,4],[3,2],[4,4],[0,3],[4,2],[3,2],[0,12],[4,28],[3,8],[4,113],[3,2],[4,1],[3,2],[4,1],[3,2],[4,1],[3,2],[4,1],[0,3],[4,1],[3,3],[0,4],[3,1],[0,1],[3,2],[0,4],[4,28],[3,7],[4,114],[3,2],[4,1],[3,2],[4,4],[3,2],[4,1],[0,3],[4,1],[3,3],[0,3],[3,7],[4,31],[3,7],[4,113],[3,2],[4,1],[3,9],[0,3],[4,1],[2,1],[0,4],[3,6],[4,33],[3,7],[4,113],[3,2],[4,3],[3,5],[4,3],[0,1],[4,2],[0,5],[3,6],[4,33],[3,7],[4,113],[3,3],[4,1],[3,8],[4,1],[0,2],[4,1],[0,3],[2,1],[3,7],[4,34],[3,4],[4,115],[3,3],[4,1],[3,1],[4,1],[3,6],[4,1],[0,1],[4,2],[0,2],[3,9],[4,34],[3,3],[4,116],[3,3],[4,3],[3,3],[4,7],[0,1],[3,10],[4,34],[3,1],[4,128],[3,1],[0,1],[4,1],[0,5],[3,9],[4,163],[3,1],[0,1],[4,1],[0,4],[3,10],[4,166],[3,1],[0,3],[3,9],[0,1],[4,166],[3,1],[0,3],[3,8],[0,2],[3,1],[4,165],[3,3],[0,2],[3,7],[0,2],[3,2],[4,159],[3,1],[4,1],[0,1],[4,3],[3,1],[4,1],[3,1],[0,1],[3,7],[0,3],[3,1],[4,161],[3,1],[4,2],[3,2],[4,1],[3,1],[4,1],[3,6],[4,1],[0,4],[3,1],[4,160],[0,2],[4,1],[0,1],[3,1],[4,1],[3,1],[4,1],[3,3],[4,1],[3,1],[4,2],[0,4],[3,2],[4,162],[3,2],[4,1],[3,1],[4,1],[3,3],[4,1],[3,1],[4,2],[0,4],[3,3],[4,161],[0,1],[3,1],[4,1],[3,1],[4,8],[0,5],[3,2],[4,159],[0,1],[4,1],[0,1],[3,1],[4,1],[3,1],[4,1],[3,1],[4,6],[0,6],[3,1],[4,162],[3,1],[4,1],[3,1],[4,8],[0,6],[3,1],[4,173],[0,6],[3,2],[4,160],[3,2],[4,1],[3,1],[4,8],[0,6],[3,3],[4,157],[3,1],[4,1],[3,2],[4,1],[3,1],[4,8],[0,6],[3,3],[4,1],[3,3],[4,150],[3,1],[4,1],[3,2],[4,1],[0,1],[3,1],[4,1],[3,1],[4,8],[0,7],[3,7],[0,1],[4,147],[3,2],[4,1],[3,2],[4,1],[0,1],[3,1],[4,10],[0,11],[3,2],[0,2],[4,147],[3,2],[4,1],[3,2],[4,1],[3,2],[4,10],[0,15],[4,143],[3,2],[4,1],[3,1],[4,1],[3,1],[4,16],[0,12],[2,2],[0,1],[3,1],[4,142],[3,2],[4,1],[3,4],[4,15],[0,7],[3,9],[4,142],[3,6],[4,16],[0,5],[3,12],[4,41],[3,1],[4,97],[3,7],[4,17],[0,3],[3,15],[4,39],[3,3],[4,90],[0,2],[3,3],[4,1],[3,7],[4,17],[0,2],[3,16],[4,37],[3,5],[4,76],[3,5],[4,9],[0,2],[3,10],[4,18],[0,1],[3,16],[4,37],[3,7],[4,74],[3,14],[4,1],[0,2],[3,10],[4,18],[3,18],[4,35],[3,8],[4,73],[3,16],[0,1],[3,11],[4,18],[3,18],[4,36],[3,7],[4,70],[3,18],[4,1],[0,1],[3,11],[4,18],[3,17],[4,37],[3,6],[4,70],[3,19],[4,1],[0,1],[3,4],[4,25],[3,9],[4,46],[3,4],[4,69],[3,21],[4,1],[0,1],[3,3],[4,2],[3,4],[4,20],[3,7],[4,101],[3,1],[4,15],[3,3],[4,1],[3,21],[4,2],[3,3],[4,1],[3,7],[4,18],[3,6],[4,106],[3,4],[4,1],[3,10],[4,1],[3,22],[4,1],[3,3],[4,1],[3,7],[4,18],[3,6],[4,107],[3,14],[4,1],[3,21],[4,6],[3,7],[4,18],[3,5],[4,108],[3,14],[4,1],[3,21],[4,1],[0,1],[4,1],[3,2],[4,1],[3,8],[4,17],[3,5],[4,108],[3,14],[4,4],[3,2],[4,3],[3,1],[0,4],[3,4],[4,1],[3,2],[0,3],[4,1],[0,2],[4,1],[3,2],[4,1],[3,2],[4,1],[3,2],[4,17],[3,5],[4,108],[3,17],[4,4],[3,1],[0,10],[4,1],[0,2],[4,5],[0,1],[4,1],[3,2],[4,1],[3,2],[4,1],[3,2],[4,17],[3,5],[4,108],[3,19],[0,13],[4,4],[0,2],[4,1],[3,2],[4,1],[3,2],[4,1],[3,2],[4,1],[3,2],[4,17],[3,5],[4,108],[3,8],[0,3],[2,2],[0,18],[4,3],[0,1],[4,1],[0,2],[4,1],[3,1],[0,1],[4,1],[3,2],[4,1],[3,2],[4,1],[3,2],[4,17],[3,5],[4,69],[3,3],[4,36],[3,8],[0,20],[4,4],[0,1],[4,1],[0,4],[4,29],[3,5],[4,69],[3,1],[4,38],[3,8],[0,19],[4,2],[0,4],[4,1],[0,5],[3,2],[4,1],[3,2],[4,1],[3,2],[4,1],[3,3],[4,16],[3,5],[4,108],[3,7],[0,18],[4,3],[0,5],[4,2],[0,4],[3,2],[4,1],[3,2],[4,1],[3,2],[4,1],[3,3],[4,1],[3,1],[4,14],[3,6],[4,107],[3,6],[0,19],[4,1],[0,8],[4,1],[0,5],[3,1],[4,1],[3,2],[4,1],[3,2],[4,1],[3,3],[4,1],[3,2],[4,13],[3,6],[4,20],[3,4],[4,82],[3,7],[0,19],[4,1],[0,8],[4,3],[0,3],[3,1],[4,1],[3,2],[4,1],[3,5],[4,2],[3,3],[4,12],[3,7],[4,18],[3,7],[4,79],[3,8],[0,19],[4,1],[0,7],[4,2],[0,1],[4,31],[3,9],[4,14],[3,9],[4,79],[3,9],[0,17],[4,2],[0,6],[4,2],[0,2],[4,1],[0,4],[3,3],[4,1],[3,2],[4,1],[3,2],[0,1],[4,1],[3,6],[4,9],[3,33],[4,76],[3,11],[0,15],[4,3],[0,7],[4,1],[0,3],[4,4],[0,1],[3,1],[4,3],[3,2],[4,1],[3,1],[0,1],[3,1],[4,1],[3,5],[4,2],[3,42],[4,74],[3,13],[0,14],[4,3],[0,5],[4,3],[0,6],[4,1],[0,2],[4,1],[0,1],[4,1],[3,2],[4,11],[3,42],[4,67],[3,21],[0,16],[4,2],[0,4],[4,1],[0,8],[4,1],[0,4],[3,3],[4,1],[3,3],[4,1],[3,1],[4,1],[3,13],[0,1],[3,31],[4,54],[3,1],[4,12],[3,21],[0,18],[4,6],[0,8],[4,1],[0,5],[3,1],[0,1],[4,1],[3,3],[4,1],[3,15],[0,2],[3,29],[4,53],[2,1],[3,3],[4,6],[3,25],[2,1],[0,32],[4,17],[3,11],[0,3],[3,26],[4,55],[0,1],[3,5],[4,1],[3,1],[4,1],[3,26],[0,40],[3,21]]
,[[0,1783],[2,1],[0,170],[3,19],[0,157],[3,27],[0,151],[3,31],[0,146],[3,35],[0,143],[3,37],[0,141],[3,39],[0,140],[3,40],[0,138],[3,42],[0,137],[3,43],[0,136],[3,44],[0,134],[3,46],[0,133],[3,47],[0,132],[3,48],[0,131],[3,49],[0,130],[3,50],[0,130],[3,50],[0,129],[3,51],[0,128],[3,52],[0,127],[3,53],[0,127],[3,53],[0,126],[3,54],[0,125],[3,55],[0,125],[3,32],[4,13],[3,10],[0,124],[3,30],[4,19],[3,7],[0,124],[3,28],[4,23],[3,5],[0,123],[3,28],[4,25],[3,4],[0,123],[3,27],[4,27],[3,3],[0,123],[3,25],[4,31],[3,1],[0,122],[3,25],[4,33],[0,122],[3,25],[4,33],[0,121],[3,25],[4,34],[0,121],[3,24],[4,35],[0,121],[3,23],[4,36],[0,121],[3,23],[4,36],[0,120],[3,23],[4,37],[0,120],[3,23],[4,37],[0,120],[3,23],[4,37],[0,120],[3,22],[4,38],[0,120],[3,22],[4,38],[0,120],[3,22],[4,38],[0,120],[3,22],[4,38],[0,120],[3,22],[4,38],[0,120],[3,4],[4,2],[3,16],[4,38],[0,119],[2,1],[3,22],[4,38],[0,120],[3,22],[4,38],[0,120],[3,22],[4,38],[0,120],[3,22],[4,38],[0,120],[3,4],[4,2],[3,16],[4,38],[0,120],[3,22],[4,38],[0,120],[3,22],[4,38],[0,120],[3,23],[4,37],[0,120],[3,23],[4,37],[0,120],[3,23],[4,37],[0,121],[3,23],[4,36],[0,116],[4,1],[0,4],[3,23],[4,36],[0,121],[3,24],[4,35],[0,121],[3,25],[4,34],[0,122],[3,25],[4,33],[0,105],[4,1],[0,16],[3,25],[4,33],[0,123],[3,25],[4,31],[3,1],[0,123],[3,27],[4,27],[3,3],[0,123],[3,28],[4,25],[3,4],[0,124],[3,28],[4,23],[3,5],[0,124],[3,30],[4,19],[3,7],[0,72],[4,1],[0,52],[3,32],[4,13],[3,10],[0,125],[3,55],[0,126],[3,54],[0,92],[4,1],[0,34],[3,53],[0,107],[2,1],[0,19],[3,53],[0,101],[3,13],[0,14],[3,52],[0,99],[3,17],[0,13],[3,51],[0,97],[3,21],[0,12],[3,50],[0,95],[4,1],[3,24],[0,10],[3,50],[0,94],[3,27],[0,10],[3,2],[4,1],[3,46],[0,93],[3,29],[0,10],[3,48],[0,92],[3,31],[0,1],[2,2],[0,7],[3,47],[0,91],[3,39],[0,4],[3,46],[0,90],[3,42],[0,4],[3,44],[0,90],[3,43],[0,2],[2,1],[0,1],[3,43],[0,89],[3,91],[0,89],[3,14],[4,9],[3,54],[4,1],[3,13],[0,88],[3,14],[4,11],[3,67],[0,88],[3,12],[4,15],[3,6],[4,8],[3,51],[0,87],[3,13],[4,15],[3,5],[4,10],[3,50],[0,87],[3,12],[4,17],[3,3],[4,12],[3,49],[0,87],[3,11],[4,19],[3,2],[4,12],[3,49],[0,87],[3,11],[4,19],[3,2],[4,12],[3,42],[0,1],[3,6],[0,87],[3,11],[4,19],[3,2],[4,12],[3,1],[4,7],[3,16],[2,1],[0,7],[2,1],[0,10],[3,6],[0,87],[3,11],[4,19],[3,2],[4,21],[3,17],[0,17],[3,6],[0,86],[2,1],[3,11],[4,19],[3,2],[4,22],[3,17],[0,17],[3,5],[0,87],[3,11],[4,19],[3,2],[4,23],[3,17],[0,16],[3,5],[0,87],[3,11],[4,19],[3,3],[4,22],[3,18],[0,15],[3,5],[0,87],[3,11],[4,19],[3,4],[4,21],[3,19],[0,14],[3,5],[0,87],[3,11],[4,19],[3,12],[4,13],[3,19],[2,1],[0,14],[3,4],[0,87],[3,12],[4,17],[3,13],[4,13],[3,20],[0,14],[3,4],[0,87],[3,13],[4,15],[3,14],[4,13],[3,21],[0,14],[3,3],[0,88],[3,12],[4,15],[3,14],[4,13],[3,21],[0,14],[3,3],[0,53],[4,1],[0,34],[3,14],[4,11],[3,17],[4,13],[3,21],[0,13],[3,3],[0,89],[3,14],[4,9],[3,18],[4,15],[3,20],[0,13],[3,2],[0,89],[3,40],[4,17],[3,19],[0,13],[3,2],[0,90],[3,18],[4,1],[3,18],[4,21],[3,17],[0,14],[3,1],[0,90],[3,4],[4,1],[3,31],[4,23],[3,17],[0,13],[3,1],[0,91],[3,35],[4,23],[3,17],[0,106],[3,33],[4,25],[3,16],[0,107],[3,31],[4,27],[3,16],[0,107],[3,30],[4,27],[3,16],[0,108],[3,28],[4,29],[3,15],[0,110],[3,26],[4,29],[3,15],[0,109],[2,1],[0,2],[3,24],[4,29],[3,15],[0,103],[3,33],[4,29],[3,15],[0,100],[3,19],[0,1],[2,1],[3,5],[4,1],[3,9],[4,29],[3,15],[0,98],[3,38],[4,29],[3,15],[2,1],[0,96],[3,39],[4,29],[3,15],[0,96],[3,40],[4,29],[3,15],[0,94],[3,42],[4,29],[3,15],[0,93],[3,43],[4,29],[3,15],[0,93],[3,43],[4,29],[3,15],[0,92],[3,45],[4,27],[3,16],[0,91],[3,46],[4,27],[3,16],[0,2],[4,1],[0,87],[3,35],[4,5],[3,8],[4,25],[3,16],[0,91],[3,15],[4,9],[3,10],[4,7],[3,8],[4,23],[3,17],[0,90],[3,14],[4,13],[3,7],[4,9],[3,2],[4,28],[3,17],[0,90],[3,13],[4,15],[3,6],[4,38],[3,17],[0,91],[3,12],[4,17],[3,5],[4,36],[3,19],[0,90],[3,12],[4,19],[3,4],[4,35],[3,20],[0,90],[3,12],[4,19],[3,4],[4,33],[3,21],[0,91],[3,11],[4,21],[3,4],[4,25],[3,27],[0,3],[4,1],[0,88],[3,11],[4,21],[3,5],[4,24],[3,27],[0,11],[2,2],[0,79],[3,11],[4,21],[3,6],[4,24],[3,25],[0,8],[3,10],[0,75],[3,11],[4,21],[3,6],[4,24],[3,24],[2,1],[0,5],[3,1],[0,1],[3,11],[0,74],[2,1],[3,11],[4,21],[3,6],[4,24],[3,24],[0,2],[3,2],[0,2],[3,1],[0,1],[3,11],[0,75],[3,11],[4,21],[3,6],[4,24],[3,23],[0,2],[3,3],[0,1],[4,1],[3,1],[4,1],[3,11],[0,75],[3,11],[4,21],[3,6],[4,24],[3,22],[0,3],[3,4],[0,1],[3,13],[0,75],[3,11],[4,21],[3,6],[4,24],[3,21],[0,2],[4,1],[3,6],[0,1],[3,12],[0,75],[3,11],[4,21],[3,6],[4,24],[3,20],[0,3],[3,2],[0,1],[3,4],[0,1],[3,12],[0,30],[2,1],[0,13],[2,7],[0,24],[3,12],[4,19],[3,7],[4,24],[3,18],[2,1],[0,1],[3,1],[0,3],[3,1],[0,1],[3,5],[0,1],[3,11],[0,25],[3,11],[0,2],[3,19],[0,18],[3,12],[4,19],[3,7],[4,24],[3,17],[0,2],[3,3],[0,1],[3,8],[0,1],[3,11],[0,20],[3,40],[0,16],[3,12],[4,17],[3,9],[4,22],[3,16],[0,3],[3,25],[0,17],[3,45],[0,14],[3,13],[4,15],[3,10],[4,22],[3,15],[0,3],[3,26],[0,12],[2,2],[0,1],[3,49],[0,12],[3,14],[4,13],[3,12],[4,20],[3,13],[0,6],[3,26],[0,7],[3,58],[0,12],[3,15],[4,9],[3,15],[4,18],[3,14],[0,5],[3,17],[4,10],[0,5],[3,61],[0,11],[3,40],[4,16],[3,15],[0,5],[3,15],[4,12],[0,3],[3,64],[0,11],[3,40],[4,14],[3,15],[0,5],[3,15],[4,13],[0,2],[3,25],[4,7],[3,34],[0,9],[3,43],[4,10],[3,17],[0,5],[3,14],[4,14],[0,1],[3,25],[4,9],[3,34],[0,7],[3,70],[0,6],[3,13],[4,15],[3,22],[4,14],[3,34],[0,5],[3,71],[0,5],[3,13],[4,16],[3,19],[4,18],[3,34],[0,3],[3,71],[0,6],[3,13],[4,16],[3,17],[4,20],[3,34],[0,2],[3,71],[0,7],[3,12],[4,17],[3,9],[4,28],[3,3],[4,15],[3,17],[0,1],[3,7],[4,7],[3,56],[0,8],[3,12],[4,17],[3,7],[4,30],[3,1],[4,19],[3,22],[4,9],[3,54],[0,9],[3,12],[4,17],[3,6],[4,52],[3,20],[4,11],[3,17],[0,3],[3,32],[0,10],[3,12],[4,17],[3,6],[4,53],[3,19],[4,11],[3,14],[0,7],[3,30],[0,10],[2,1],[3,12],[4,17],[3,5],[4,55],[3,18],[4,11],[3,6],[0,1],[2,1],[0,14],[3,28],[0,12],[3,12],[4,17],[3,5],[4,56],[3,17],[4,11],[3,6],[2,1],[0,17],[3,24],[0,17],[3,9],[4,17],[3,5],[4,56],[3,17],[4,11],[3,6],[0,20],[3,20],[0,19],[3,9],[4,17],[3,5],[4,57],[3,16],[4,11],[3,4],[0,25],[3,14],[0,20],[3,11],[4,17],[3,5],[4,57],[3,16],[4,11],[3,6],[0,29],[2,2],[0,25],[3,2],[0,2],[3,9],[4,16],[3,5],[4,57],[3,17],[4,9],[3,7],[0,56],[3,13],[4,16],[3,5],[4,57],[3,18],[4,7],[3,7],[0,58],[3,13],[4,15],[3,5],[4,26],[3,2],[4,29],[3,32],[0,58],[3,14],[4,14],[3,6],[4,23],[3,4],[4,29],[3,31],[0,60],[3,14],[4,13],[3,6],[4,20],[3,7],[4,29],[3,12],[0,1],[3,17],[0,61],[3,10],[4,1],[3,4],[4,12],[3,7],[4,18],[3,8],[4,29],[3,12],[0,2],[3,15],[0,62],[3,16],[4,11],[3,9],[4,14],[3,10],[4,29],[3,12],[0,3],[3,13],[0,64],[3,9],[0,1],[3,7],[4,9],[3,34],[4,27],[3,13],[0,5],[3,9],[0,66],[3,8],[0,1],[3,51],[4,27],[3,13],[0,9],[2,1],[0,52],[4,1],[0,18],[3,1],[0,1],[3,4],[0,1],[3,53],[4,25],[3,13],[0,84],[3,3],[0,1],[3,5],[4,1],[3,13],[0,1],[3,35],[4,23],[3,14],[0,85],[3,1],[0,1],[3,20],[0,2],[3,35],[4,21],[3,15],[0,86],[3,21],[0,3],[3,35],[4,19],[3,15],[0,87],[3,21]]
,[[0,1783],[2,1],[0,170],[3,19],[0,157],[3,27],[0,151],[3,31],[0,146],[3,35],[0,143],[3,37],[0,141],[3,39],[0,140],[3,40],[0,138],[3,42],[0,137],[3,43],[0,136],[3,44],[0,134],[3,46],[0,133],[3,47],[0,132],[3,48],[0,131],[3,49],[0,130],[3,50],[0,130],[3,50],[0,129],[3,51],[0,128],[3,52],[0,127],[3,53],[0,127],[3,53],[0,126],[3,54],[0,125],[3,55],[0,125],[3,32],[4,13],[3,10],[0,124],[3,30],[4,19],[3,7],[0,124],[3,28],[4,23],[3,5],[0,123],[3,28],[4,25],[3,4],[0,123],[3,27],[4,27],[3,3],[0,123],[3,25],[4,31],[3,1],[0,122],[3,25],[4,33],[0,122],[3,25],[4,33],[0,121],[3,25],[4,34],[0,121],[3,24],[4,35],[0,121],[3,23],[4,36],[0,121],[3,23],[4,36],[0,120],[3,23],[4,37],[0,120],[3,23],[4,37],[0,120],[3,23],[4,37],[0,120],[3,22],[4,38],[0,120],[3,22],[4,38],[0,120],[3,22],[4,38],[0,120],[3,22],[4,38],[0,120],[3,22],[4,38],[0,120],[3,22],[4,38],[0,119],[2,1],[3,22],[4,38],[0,120],[3,22],[4,38],[0,120],[3,22],[4,38],[0,120],[3,22],[4,38],[0,120],[3,22],[4,38],[0,120],[3,22],[4,38],[0,120],[3,22],[4,38],[0,120],[3,23],[4,37],[0,120],[3,23],[4,37],[0,120],[3,23],[4,37],[0,121],[3,23],[4,36],[0,121],[3,23],[4,36],[0,121],[3,24],[4,35],[0,121],[3,25],[4,34],[0,122],[3,25],[4,33],[0,105],[4,1],[0,16],[3,25],[4,33],[0,123],[3,25],[4,31],[3,1],[0,123],[3,27],[4,27],[3,3],[0,123],[3,28],[4,25],[3,4],[0,124],[3,28],[4,23],[3,5],[0,124],[3,30],[4,19],[3,7],[0,125],[3,32],[4,13],[3,10],[0,125],[3,55],[0,126],[3,54],[0,127],[3,53],[0,107],[2,1],[0,19],[3,53],[0,101],[3,13],[0,14],[3,52],[0,99],[3,17],[0,13],[3,51],[0,97],[3,21],[0,12],[3,50],[0,95],[3,25],[0,10],[3,50],[0,94],[3,27],[0,10],[3,49],[0,93],[3,29],[0,10],[3,48],[0,92],[3,31],[0,10],[3,47],[0,91],[3,33],[0,10],[3,46],[0,90],[3,35],[0,11],[3,44],[0,90],[3,35],[0,10],[2,1],[0,1],[3,43],[0,89],[3,37],[0,4],[3,50],[0,89],[3,14],[4,9],[3,14],[0,2],[3,52],[0,88],[3,14],[4,11],[3,67],[0,88],[3,12],[4,15],[3,65],[0,87],[3,13],[4,15],[3,65],[0,87],[3,12],[4,17],[3,64],[0,87],[3,11],[4,19],[3,63],[0,87],[3,11],[4,19],[3,56],[0,1],[3,6],[0,87],[3,11],[4,19],[3,15],[4,7],[3,16],[2,1],[0,7],[2,1],[0,10],[3,6],[0,87],[3,11],[4,19],[3,14],[4,9],[3,17],[0,17],[3,6],[0,86],[2,1],[3,11],[4,19],[3,13],[4,11],[3,17],[0,17],[3,5],[0,87],[3,11],[4,19],[3,12],[4,13],[3,17],[0,16],[3,5],[0,87],[3,11],[4,19],[3,12],[4,13],[3,18],[0,15],[3,5],[0,87],[3,11],[4,19],[3,12],[4,13],[3,19],[0,14],[3,5],[0,87],[3,11],[4,19],[3,12],[4,13],[3,19],[2,1],[0,14],[3,4],[0,87],[3,12],[4,17],[3,13],[4,13],[3,20],[0,14],[3,4],[0,87],[3,13],[4,15],[3,14],[4,13],[3,21],[0,14],[3,3],[0,88],[3,12],[4,15],[3,14],[4,13],[3,21],[0,14],[3,3],[0,88],[3,14],[4,11],[3,17],[4,13],[3,21],[0,13],[3,3],[0,89],[3,14],[4,9],[3,18],[4,15],[3,20],[0,13],[3,2],[0,89],[3,40],[4,17],[3,19],[0,13],[3,2],[0,90],[3,37],[4,21],[3,17],[0,14],[3,1],[0,90],[3,36],[4,23],[3,17],[0,13],[3,1],[0,91],[3,35],[4,23],[3,17],[0,106],[3,33],[4,25],[3,16],[0,107],[3,31],[4,27],[3,16],[0,107],[3,30],[4,27],[3,16],[0,108],[3,28],[4,29],[3,15],[0,110],[3,26],[4,29],[3,15],[0,109],[2,1],[0,2],[3,24],[4,29],[3,15],[0,103],[3,33],[4,29],[3,15],[0,100],[3,19],[0,1],[2,1],[3,15],[4,29],[3,15],[0,98],[3,38],[4,29],[3,15],[2,1],[0,96],[3,39],[4,29],[3,15],[0,96],[3,40],[4,29],[3,15],[0,94],[3,42],[4,29],[3,15],[0,93],[3,43],[4,29],[3,15],[0,93],[3,43],[4,29],[3,15],[0,92],[3,45],[4,27],[3,16],[0,91],[3,46],[4,27],[3,16],[0,2],[4,1],[0,87],[3,48],[4,25],[3,16],[0,91],[3,15],[4,9],[3,25],[4,23],[3,17],[0,90],[3,14],[4,13],[3,23],[4,23],[3,17],[0,90],[3,13],[4,15],[3,23],[4,21],[3,17],[0,91],[3,12],[4,17],[3,16],[4,1],[3,7],[4,17],[3,19],[0,90],[3,12],[4,19],[3,24],[4,15],[3,20],[0,90],[3,12],[4,19],[3,26],[4,11],[3,21],[0,91],[3,11],[4,21],[3,56],[0,3],[4,1],[0,88],[3,11],[4,21],[3,56],[0,92],[3,11],[4,21],[3,55],[0,93],[3,11],[4,21],[3,54],[2,1],[0,92],[2,1],[3,11],[4,21],[3,54],[0,94],[3,11],[4,21],[3,53],[0,95],[3,11],[4,21],[3,52],[0,96],[3,11],[4,21],[3,51],[0,97],[3,11],[4,21],[3,50],[0,53],[2,1],[0,44],[3,12],[4,19],[3,12],[0,1],[2,1],[3,35],[2,1],[0,49],[3,11],[0,39],[3,12],[4,19],[3,12],[0,3],[3,33],[0,46],[3,18],[0,38],[3,12],[4,17],[3,12],[0,6],[3,29],[0,45],[3,22],[0,37],[3,13],[4,15],[3,13],[0,7],[3,27],[0,41],[2,2],[0,1],[3,25],[0,36],[3,14],[4,13],[3,14],[0,10],[3,21],[0,39],[3,34],[0,36],[3,15],[4,9],[3,15],[0,14],[3,15],[0,40],[3,37],[0,35],[3,39],[0,21],[2,1],[0,45],[3,40],[0,35],[3,37],[0,67],[3,25],[4,7],[3,9],[0,36],[3,35],[0,67],[3,25],[4,9],[3,9],[0,36],[3,33],[0,67],[3,22],[4,14],[3,8],[0,36],[3,33],[0,67],[3,19],[4,18],[3,7],[0,37],[3,31],[0,68],[3,17],[4,20],[3,7],[0,39],[3,27],[0,70],[3,9],[4,28],[3,7],[0,40],[3,25],[0,71],[3,7],[4,30],[3,7],[2,1],[0,40],[3,23],[0,72],[3,6],[4,31],[3,7],[2,1],[0,42],[3,19],[0,74],[3,6],[4,31],[3,7],[2,1],[0,45],[3,13],[0,77],[3,5],[4,32],[3,7],[0,52],[2,1],[0,83],[3,5],[4,32],[3,7],[0,136],[3,5],[4,32],[3,7],[0,136],[3,5],[4,31],[3,8],[0,136],[3,5],[4,30],[3,9],[0,136],[3,5],[4,29],[3,9],[0,137],[3,5],[4,28],[3,10],[0,137],[3,5],[4,26],[3,11],[0,138],[3,6],[4,23],[3,12],[0,139],[3,6],[4,20],[3,15],[0,122],[4,1],[0,16],[3,7],[4,18],[3,15],[0,140],[3,9],[4,14],[3,16],[0,141],[3,38],[0,142],[3,37],[0,143],[3,35],[0,146],[3,32],[0,20],[2,1],[0,128],[3,29],[0,17],[3,11],[0,124],[3,26],[0,17],[3,15],[0,119]]
,[[0,1783],[2,1],[0,170],[3,19],[0,157],[3,27],[0,151],[3,31],[0,146],[3,35],[0,143],[3,37],[0,141],[3,39],[0,140],[3,40],[0,138],[3,42],[0,137],[3,43],[0,136],[3,44],[0,134],[3,46],[0,133],[3,47],[0,132],[3,48],[0,131],[3,49],[0,130],[3,50],[0,130],[3,50],[0,129],[3,51],[0,128],[3,52],[0,127],[3,53],[0,127],[3,53],[0,126],[3,54],[0,125],[3,55],[0,125],[3,32],[4,13],[3,10],[0,124],[3,30],[4,19],[3,7],[0,124],[3,28],[4,23],[3,5],[0,123],[3,28],[4,25],[3,4],[0,123],[3,27],[4,27],[3,3],[0,123],[3,25],[4,31],[3,1],[0,122],[3,25],[4,33],[0,122],[3,25],[4,33],[0,121],[3,25],[4,34],[0,121],[3,24],[4,35],[0,121],[3,23],[4,36],[0,121],[3,23],[4,36],[0,120],[3,23],[4,37],[0,120],[3,23],[4,37],[0,120],[3,23],[4,37],[0,120],[3,22],[4,38],[0,120],[3,22],[4,38],[0,120],[3,22],[4,38],[0,120],[3,22],[4,38],[0,120],[3,22],[4,38],[0,120],[3,22],[4,38],[0,119],[2,1],[3,22],[4,38],[0,120],[3,22],[4,38],[0,120],[3,22],[4,38],[0,120],[3,22],[4,38],[0,120],[3,22],[4,38],[0,120],[3,22],[4,38],[0,120],[3,22],[4,38],[0,120],[3,23],[4,37],[0,120],[3,23],[4,37],[0,120],[3,23],[4,37],[0,121],[3,23],[4,36],[0,121],[3,23],[4,36],[0,121],[3,24],[4,35],[0,121],[3,25],[4,34],[0,122],[3,25],[4,33],[0,122],[3,25],[4,33],[0,123],[3,25],[4,31],[3,1],[0,123],[3,27],[4,27],[3,3],[0,123],[3,28],[4,25],[3,4],[0,124],[3,28],[4,23],[3,5],[0,124],[3,30],[4,19],[3,7],[0,125],[3,32],[4,13],[3,10],[0,125],[3,55],[0,126],[3,54],[0,127],[3,53],[0,107],[2,1],[0,19],[3,53],[0,101],[3,13],[0,14],[3,52],[0,99],[3,17],[0,13],[3,51],[0,97],[3,21],[0,12],[3,50],[0,95],[3,25],[0,10],[3,50],[0,94],[3,27],[0,10],[3,49],[0,93],[3,29],[0,10],[3,48],[0,92],[3,31],[0,10],[3,47],[0,91],[3,33],[0,10],[3,46],[0,90],[3,35],[0,11],[3,44],[0,90],[3,35],[0,10],[2,1],[0,1],[3,43],[0,89],[3,37],[0,4],[3,50],[0,89],[3,14],[4,9],[3,14],[0,2],[3,52],[0,88],[3,14],[4,11],[3,67],[0,88],[3,12],[4,15],[3,65],[0,87],[3,13],[4,15],[3,65],[0,87],[3,12],[4,17],[3,64],[0,87],[3,11],[4,19],[3,63],[0,87],[3,11],[4,19],[3,56],[0,1],[3,6],[0,87],[3,11],[4,19],[3,15],[4,7],[3,16],[2,1],[0,7],[2,1],[0,10],[3,6],[0,87],[3,11],[4,19],[3,14],[4,9],[3,17],[0,17],[3,6],[0,86],[2,1],[3,11],[4,19],[3,13],[4,11],[3,17],[0,17],[3,5],[0,87],[3,11],[4,19],[3,12],[4,13],[3,17],[0,16],[3,5],[0,87],[3,11],[4,19],[3,12],[4,13],[3,18],[0,15],[3,5],[0,87],[3,11],[4,19],[3,12],[4,13],[3,19],[0,14],[3,5],[0,87],[3,11],[4,19],[3,12],[4,13],[3,19],[2,1],[0,14],[3,4],[0,87],[3,12],[4,17],[3,13],[4,13],[3,20],[0,14],[3,4],[0,87],[3,13],[4,15],[3,14],[4,13],[3,21],[0,14],[3,3],[0,88],[3,12],[4,15],[3,14],[4,13],[3,21],[0,14],[3,3],[0,88],[3,14],[4,11],[3,17],[4,13],[3,21],[0,13],[3,3],[0,89],[3,14],[4,9],[3,18],[4,15],[3,20],[0,13],[3,2],[0,89],[3,40],[4,17],[3,19],[0,13],[3,2],[0,90],[3,37],[4,21],[3,17],[0,14],[3,1],[0,90],[3,36],[4,23],[3,17],[0,13],[3,1],[0,91],[3,35],[4,23],[3,17],[0,106],[3,33],[4,25],[3,16],[0,107],[3,31],[4,27],[3,16],[0,107],[3,30],[4,27],[3,16],[0,108],[3,28],[4,29],[3,15],[0,110],[3,26],[4,29],[3,15],[0,109],[2,1],[0,2],[3,24],[4,29],[3,15],[0,103],[3,33],[4,29],[3,15],[0,100],[3,19],[0,1],[2,1],[3,15],[4,29],[3,15],[0,98],[3,38],[4,29],[3,15],[2,1],[0,96],[3,39],[4,29],[3,15],[0,96],[3,40],[4,29],[3,15],[0,94],[3,42],[4,29],[3,15],[0,93],[3,43],[4,29],[3,15],[0,93],[3,43],[4,29],[3,15],[0,92],[3,45],[4,27],[3,16],[0,91],[3,46],[4,27],[3,16],[0,90],[3,48],[4,25],[3,16],[0,91],[3,15],[4,9],[3,25],[4,23],[3,17],[0,90],[3,14],[4,13],[3,23],[4,23],[3,17],[0,90],[3,13],[4,15],[3,23],[4,21],[3,17],[0,91],[3,12],[4,17],[3,24],[4,17],[3,19],[0,90],[3,12],[4,19],[3,24],[4,15],[3,20],[0,90],[3,12],[4,19],[3,26],[4,11],[3,21],[0,91],[3,11],[4,21],[3,56],[0,92],[3,11],[4,21],[3,56],[0,92],[3,11],[4,21],[3,55],[0,93],[3,11],[4,21],[3,54],[2,1],[0,92],[2,1],[3,11],[4,21],[3,54],[0,94],[3,11],[4,21],[3,53],[0,95],[3,11],[4,21],[3,52],[0,96],[3,11],[4,21],[3,51],[0,97],[3,11],[4,21],[3,50],[0,98],[3,12],[4,19],[3,12],[0,1],[2,1],[3,35],[2,1],[0,49],[2,3],[0,47],[3,12],[4,19],[3,12],[0,3],[3,33],[0,46],[3,13],[0,43],[3,12],[4,17],[3,12],[0,6],[3,29],[0,45],[3,18],[0,41],[3,13],[4,15],[3,13],[0,7],[3,27],[0,41],[2,2],[0,1],[3,22],[0,39],[3,14],[4,13],[3,14],[0,10],[3,21],[0,39],[3,31],[0,39],[3,15],[4,9],[3,15],[0,14],[3,15],[0,40],[3,34],[0,38],[3,39],[0,21],[2,1],[0,45],[3,37],[0,38],[3,37],[0,67],[3,39],[0,38],[3,35],[0,67],[3,40],[0,39],[3,33],[0,67],[3,22],[4,9],[3,11],[0,38],[3,33],[0,67],[3,19],[4,14],[3,9],[0,39],[3,31],[0,68],[3,17],[4,17],[3,9],[0,40],[3,27],[0,70],[3,9],[4,25],[3,9],[0,41],[3,25],[0,71],[3,7],[4,28],[3,8],[0,42],[3,23],[0,72],[3,6],[4,29],[3,8],[0,44],[3,19],[0,74],[3,6],[4,29],[3,8],[0,47],[3,13],[0,77],[3,5],[4,30],[3,8],[2,1],[0,52],[2,1],[0,83],[3,5],[4,30],[3,8],[0,137],[3,5],[4,30],[3,8],[0,137],[3,5],[4,30],[3,8],[0,137],[3,5],[4,29],[3,9],[0,137],[3,5],[4,29],[3,9],[0,137],[3,5],[4,28],[3,9],[0,138],[3,5],[4,26],[3,11],[0,138],[3,6],[4,23],[3,12],[0,139],[3,6],[4,20],[3,15],[0,139],[3,7],[4,18],[3,15],[0,140],[3,9],[4,14],[3,16],[0,141],[3,38],[0,142],[3,37],[0,143],[3,35],[0,146],[3,32],[0,149],[3,29],[0,152],[3,26],[0,151]]
,[[0,1783],[2,1],[0,170],[3,19],[0,157],[3,27],[0,151],[3,31],[0,146],[3,35],[0,143],[3,37],[0,141],[3,39],[0,140],[3,40],[0,138],[3,42],[0,137],[3,43],[0,136],[3,44],[0,134],[3,46],[0,133],[3,47],[0,132],[3,48],[0,131],[3,49],[0,130],[3,50],[0,130],[3,50],[0,129],[3,51],[0,128],[3,52],[0,127],[3,53],[0,127],[3,53],[0,126],[3,54],[0,125],[3,55],[0,125],[3,32],[4,13],[3,10],[0,124],[3,30],[4,19],[3,7],[0,124],[3,28],[4,23],[3,5],[0,123],[3,28],[4,25],[3,4],[0,123],[3,27],[4,27],[3,3],[0,123],[3,25],[4,31],[3,1],[0,122],[3,25],[4,33],[0,122],[3,25],[4,33],[0,121],[3,25],[4,34],[0,121],[3,24],[4,35],[0,121],[3,23],[4,36],[0,121],[3,23],[4,36],[0,120],[3,23],[4,37],[0,120],[3,23],[4,37],[0,120],[3,23],[4,37],[0,120],[3,22],[4,38],[0,120],[3,22],[4,38],[0,120],[3,22],[4,38],[0,120],[3,22],[4,38],[0,120],[3,22],[4,38],[0,120],[3,22],[4,38],[0,119],[2,1],[3,22],[4,38],[0,120],[3,22],[4,38],[0,120],[3,22],[4,38],[0,120],[3,22],[4,38],[0,120],[3,22],[4,38],[0,120],[3,22],[4,38],[0,120],[3,22],[4,38],[0,120],[3,23],[4,37],[0,120],[3,23],[4,37],[0,120],[3,23],[4,37],[0,121],[3,23],[4,36],[0,121],[3,23],[4,36],[0,121],[3,24],[4,35],[0,121],[3,25],[4,34],[0,122],[3,25],[4,33],[0,122],[3,25],[4,33],[0,123],[3,25],[4,31],[3,1],[0,123],[3,27],[4,27],[3,3],[0,123],[3,28],[4,25],[3,4],[0,124],[3,28],[4,23],[3,5],[0,124],[3,30],[4,19],[3,7],[0,125],[3,32],[4,13],[3,10],[0,125],[3,55],[0,126],[3,54],[0,127],[3,53],[0,107],[2,1],[0,19],[3,53],[0,101],[3,13],[0,14],[3,52],[0,99],[3,17],[0,13],[3,51],[0,97],[3,21],[0,12],[3,50],[0,95],[3,25],[0,10],[3,50],[0,94],[3,27],[0,10],[3,49],[0,93],[3,29],[0,10],[3,48],[0,92],[3,31],[0,10],[3,47],[0,91],[3,33],[0,10],[3,46],[0,90],[3,35],[0,11],[3,44],[0,90],[3,35],[0,12],[3,43],[0,89],[3,37],[0,12],[3,42],[0,89],[3,14],[4,9],[3,14],[0,14],[3,40],[0,88],[3,14],[4,11],[3,14],[0,14],[3,39],[0,88],[3,12],[4,15],[3,12],[0,16],[3,37],[0,87],[3,13],[4,15],[3,13],[0,17],[3,35],[0,87],[3,12],[4,17],[3,12],[0,20],[3,32],[0,87],[3,11],[4,19],[3,11],[0,22],[3,30],[0,87],[3,11],[4,19],[3,11],[0,26],[3,19],[0,1],[3,6],[0,87],[3,11],[4,19],[3,11],[0,35],[2,1],[0,10],[3,6],[0,87],[3,11],[4,19],[3,11],[0,46],[3,6],[0,86],[2,1],[3,11],[4,19],[3,11],[2,1],[0,46],[3,5],[0,87],[3,11],[4,19],[3,11],[0,47],[3,5],[0,87],[3,11],[4,19],[3,11],[0,47],[3,5],[0,87],[3,11],[4,19],[3,11],[0,47],[3,5],[0,87],[3,11],[4,19],[3,11],[0,48],[3,4],[0,87],[3,12],[4,17],[3,12],[0,48],[3,4],[0,87],[3,13],[4,15],[3,13],[0,49],[3,3],[0,88],[3,12],[4,15],[3,12],[0,50],[3,3],[0,88],[3,14],[4,11],[3,14],[0,50],[3,3],[0,89],[3,14],[4,9],[3,14],[0,52],[3,2],[0,89],[3,37],[0,52],[3,2],[0,90],[3,35],[0,54],[3,1],[0,90],[3,35],[0,54],[3,1],[0,91],[3,33],[0,148],[3,31],[0,150],[3,29],[0,152],[3,27],[0,154],[3,25],[0,157],[3,21],[0,158],[2,1],[0,2],[3,17],[0,154],[3,24],[0,153],[3,19],[0,1],[2,1],[0,157],[3,23],[0,156],[3,25],[0,154],[3,27],[0,151],[3,31],[0,148],[3,33],[0,147],[3,33],[0,146],[3,35],[0,144],[3,37],[0,142],[3,39],[0,141],[3,15],[4,9],[3,15],[0,140],[3,14],[4,13],[3,14],[0,139],[3,13],[4,15],[3,13],[0,139],[3,12],[4,17],[3,12],[0,138],[3,12],[4,19],[3,12],[0,137],[3,12],[4,19],[3,12],[0,137],[3,11],[4,21],[3,11],[0,137],[3,11],[4,21],[3,11],[0,137],[3,11],[4,21],[3,11],[0,137],[3,11],[4,21],[3,11],[0,136],[2,1],[3,11],[4,21],[3,11],[2,1],[0,136],[3,11],[4,21],[3,11],[0,137],[3,11],[4,21],[3,11],[0,137],[3,11],[4,21],[3,11],[0,137],[3,11],[4,21],[3,11],[0,137],[3,12],[4,19],[3,12],[0,137],[3,12],[4,19],[3,12],[0,138],[3,12],[4,17],[3,12],[0,139],[3,13],[4,15],[3,13],[0,139],[3,14],[4,13],[3,14],[0,140],[3,15],[4,9],[3,15],[0,141],[3,39],[0,142],[3,37],[0,144],[3,35],[0,146],[3,33],[0,147],[3,33],[0,148],[3,31],[0,151],[3,27],[0,154],[3,25],[0,156],[3,23],[0,159],[3,19],[0,164],[3,13],[0,173],[2,1],[0,3143]]
,[[0,1783],[2,1],[0,170],[3,19],[0,157],[3,27],[0,151],[3,31],[0,146],[3,35],[0,143],[3,37],[0,141],[3,39],[0,140],[3,40],[0,138],[3,42],[0,137],[3,43],[0,136],[3,44],[0,134],[3,46],[0,133],[3,47],[0,132],[3,48],[0,131],[3,49],[0,130],[3,50],[0,130],[3,50],[0,129],[3,51],[0,128],[3,52],[0,127],[3,53],[0,127],[3,53],[0,126],[3,54],[0,125],[3,55],[0,125],[3,32],[4,13],[3,10],[0,124],[3,30],[4,19],[3,7],[0,124],[3,28],[4,23],[3,5],[0,123],[3,28],[4,25],[3,4],[0,123],[3,27],[4,27],[3,3],[0,123],[3,25],[4,31],[3,1],[0,122],[3,25],[4,33],[0,122],[3,25],[4,33],[0,121],[3,25],[4,34],[0,121],[3,24],[4,35],[0,121],[3,23],[4,36],[0,121],[3,23],[4,36],[0,120],[3,23],[4,37],[0,120],[3,23],[4,37],[0,120],[3,23],[4,37],[0,120],[3,22],[4,38],[0,120],[3,22],[4,38],[0,120],[3,22],[4,38],[0,120],[3,22],[4,38],[0,120],[3,22],[4,38],[0,120],[3,22],[4,38],[0,119],[2,1],[3,22],[4,38],[0,120],[3,22],[4,38],[0,120],[3,22],[4,38],[0,120],[3,22],[4,38],[0,120],[3,22],[4,38],[0,120],[3,22],[4,38],[0,120],[3,22],[4,38],[0,120],[3,23],[4,37],[0,120],[3,23],[4,37],[0,120],[3,23],[4,37],[0,121],[3,23],[4,36],[0,121],[3,23],[4,36],[0,121],[3,24],[4,35],[0,121],[3,25],[4,34],[0,122],[3,25],[4,33],[0,122],[3,25],[4,33],[0,123],[3,25],[4,31],[3,1],[0,123],[3,27],[4,27],[3,3],[0,123],[3,28],[4,25],[3,4],[0,124],[3,28],[4,23],[3,5],[0,124],[3,30],[4,19],[3,7],[0,125],[3,32],[4,13],[3,10],[0,125],[3,55],[0,126],[3,54],[0,127],[3,53],[0,107],[2,1],[0,19],[3,53],[0,101],[3,13],[0,14],[3,52],[0,99],[3,17],[0,13],[3,51],[0,97],[3,21],[0,12],[3,50],[0,95],[3,25],[0,10],[3,50],[0,94],[3,27],[0,10],[3,49],[0,93],[3,29],[0,10],[3,48],[0,92],[3,31],[0,10],[3,47],[0,91],[3,33],[0,10],[3,46],[0,90],[3,35],[0,11],[3,44],[0,90],[3,35],[0,12],[3,43],[0,89],[3,37],[0,12],[3,42],[0,89],[3,14],[4,9],[3,14],[0,14],[3,40],[0,88],[3,14],[4,11],[3,14],[0,14],[3,39],[0,88],[3,12],[4,15],[3,12],[0,16],[3,37],[0,87],[3,13],[4,15],[3,13],[0,17],[3,35],[0,87],[3,12],[4,17],[3,12],[0,20],[3,32],[0,87],[3,11],[4,19],[3,11],[0,22],[3,30],[0,87],[3,11],[4,19],[3,11],[0,26],[3,19],[0,1],[3,6],[0,87],[3,11],[4,19],[3,11],[0,35],[2,1],[0,10],[3,6],[0,87],[3,11],[4,19],[3,11],[0,46],[3,6],[0,86],[2,1],[3,11],[4,19],[3,11],[2,1],[0,46],[3,5],[0,87],[3,11],[4,19],[3,11],[0,47],[3,5],[0,87],[3,11],[4,19],[3,11],[0,47],[3,5],[0,87],[3,11],[4,19],[3,11],[0,47],[3,5],[0,87],[3,11],[4,19],[3,11],[0,48],[3,4],[0,87],[3,12],[4,17],[3,12],[0,48],[3,4],[0,87],[3,13],[4,15],[3,13],[0,49],[3,3],[0,88],[3,12],[4,15],[3,12],[0,50],[3,3],[0,88],[3,14],[4,11],[3,14],[0,50],[3,3],[0,89],[3,14],[4,9],[3,14],[0,52],[3,2],[0,89],[3,37],[0,52],[3,2],[0,90],[3,35],[0,54],[3,1],[0,90],[3,35],[0,54],[3,1],[0,91],[3,33],[0,148],[3,31],[0,150],[3,29],[0,152],[3,27],[0,154],[3,25],[0,157],[3,21],[0,158],[2,1],[0,2],[3,17],[0,154],[3,24],[0,153],[3,19],[0,1],[2,1],[0,157],[3,23],[0,156],[3,25],[0,154],[3,27],[0,151],[3,31],[0,148],[3,33],[0,147],[3,33],[0,146],[3,35],[0,144],[3,37],[0,142],[3,39],[0,141],[3,15],[4,9],[3,15],[0,140],[3,14],[4,13],[3,14],[0,139],[3,13],[4,15],[3,13],[0,139],[3,12],[4,17],[3,12],[0,138],[3,12],[4,19],[3,12],[0,137],[3,12],[4,19],[3,12],[0,137],[3,11],[4,21],[3,11],[0,137],[3,11],[4,21],[3,11],[0,137],[3,11],[4,21],[3,11],[0,137],[3,11],[4,21],[3,11],[0,136],[2,1],[3,11],[4,21],[3,11],[2,1],[0,136],[3,11],[4,21],[3,11],[0,137],[3,11],[4,21],[3,11],[0,137],[3,11],[4,21],[3,11],[0,137],[3,11],[4,21],[3,11],[0,137],[3,12],[4,19],[3,12],[0,137],[3,12],[4,19],[3,12],[0,138],[3,12],[4,17],[3,12],[0,139],[3,13],[4,15],[3,13],[0,139],[3,14],[4,13],[3,14],[0,140],[3,15],[4,9],[3,15],[0,141],[3,39],[0,142],[3,37],[0,144],[3,35],[0,146],[3,33],[0,147],[3,33],[0,148],[3,31],[0,151],[3,27],[0,154],[3,25],[0,156],[3,23],[0,159],[3,19],[0,164],[3,13],[0,173],[2,1],[0,3143]]
,[[0,1783],[2,1],[0,170],[3,19],[0,157],[3,27],[0,151],[3,31],[0,146],[3,35],[0,143],[3,37],[0,141],[3,39],[0,140],[3,40],[0,138],[3,42],[0,137],[3,43],[0,136],[3,44],[0,134],[3,46],[0,133],[3,47],[0,132],[3,48],[0,131],[3,49],[0,130],[3,50],[0,130],[3,50],[0,129],[3,51],[0,128],[3,52],[0,127],[3,53],[0,127],[3,53],[0,126],[3,54],[0,125],[3,55],[0,125],[3,32],[4,13],[3,10],[0,124],[3,30],[4,19],[3,7],[0,124],[3,28],[4,23],[3,5],[0,123],[3,28],[4,25],[3,4],[0,123],[3,27],[4,27],[3,3],[0,123],[3,25],[4,31],[3,1],[0,122],[3,25],[4,33],[0,122],[3,25],[4,33],[0,121],[3,25],[4,34],[0,121],[3,24],[4,35],[0,121],[3,23],[4,36],[0,121],[3,23],[4,36],[0,120],[3,23],[4,37],[0,120],[3,23],[4,37],[0,120],[3,23],[4,37],[0,120],[3,22],[4,38],[0,120],[3,22],[4,38],[0,120],[3,22],[4,38],[0,120],[3,22],[4,38],[0,120],[3,22],[4,38],[0,120],[3,22],[4,38],[0,119],[2,1],[3,22],[4,38],[0,120],[3,22],[4,38],[0,120],[3,22],[4,38],[0,120],[3,22],[4,38],[0,120],[3,22],[4,38],[0,120],[3,22],[4,38],[0,120],[3,22],[4,38],[0,120],[3,23],[4,37],[0,120],[3,23],[4,37],[0,120],[3,23],[4,37],[0,121],[3,23],[4,36],[0,121],[3,23],[4,36],[0,121],[3,24],[4,35],[0,121],[3,25],[4,34],[0,122],[3,25],[4,33],[0,122],[3,25],[4,33],[0,123],[3,25],[4,31],[3,1],[0,123],[3,27],[4,27],[3,3],[0,123],[3,28],[4,25],[3,4],[0,124],[3,28],[4,23],[3,5],[0,124],[3,30],[4,19],[3,7],[0,125],[3,32],[4,13],[3,10],[0,125],[3,55],[0,126],[3,54],[0,127],[3,53],[0,107],[2,1],[0,19],[3,53],[0,101],[3,13],[0,14],[3,52],[0,99],[3,17],[0,13],[3,51],[0,97],[3,21],[0,12],[3,50],[0,95],[3,25],[0,10],[3,50],[0,94],[3,27],[0,10],[3,49],[0,93],[3,29],[0,10],[3,48],[0,92],[3,31],[0,10],[3,47],[0,91],[3,33],[0,10],[3,46],[0,90],[3,35],[0,11],[3,44],[0,90],[3,35],[0,12],[3,43],[0,89],[3,37],[0,12],[3,42],[0,89],[3,14],[4,9],[3,14],[0,14],[3,40],[0,88],[3,14],[4,11],[3,14],[0,14],[3,39],[0,88],[3,12],[4,15],[3,12],[0,16],[3,37],[0,87],[3,13],[4,15],[3,13],[0,17],[3,35],[0,87],[3,12],[4,17],[3,12],[0,20],[3,32],[0,87],[3,11],[4,19],[3,11],[0,22],[3,30],[0,87],[3,11],[4,19],[3,11],[0,26],[3,19],[0,1],[3,6],[0,87],[3,11],[4,19],[3,11],[0,35],[2,1],[0,10],[3,6],[0,87],[3,11],[4,19],[3,11],[0,46],[3,6],[0,86],[2,1],[3,11],[4,19],[3,11],[2,1],[0,46],[3,5],[0,87],[3,11],[4,19],[3,11],[0,47],[3,5],[0,87],[3,11],[4,19],[3,11],[0,47],[3,5],[0,87],[3,11],[4,19],[3,11],[0,47],[3,5],[0,87],[3,11],[4,19],[3,11],[0,48],[3,4],[0,87],[3,12],[4,17],[3,12],[0,48],[3,4],[0,87],[3,13],[4,15],[3,13],[0,49],[3,3],[0,88],[3,12],[4,15],[3,12],[0,50],[3,3],[0,88],[3,14],[4,11],[3,14],[0,50],[3,3],[0,89],[3,14],[4,9],[3,14],[0,52],[3,2],[0,89],[3,37],[0,52],[3,2],[0,90],[3,35],[0,54],[3,1],[0,90],[3,35],[0,54],[3,1],[0,91],[3,33],[0,148],[3,31],[0,150],[3,29],[0,152],[3,27],[0,154],[3,25],[0,157],[3,21],[0,158],[2,1],[0,2],[3,17],[0,154],[3,24],[0,153],[3,19],[0,1],[2,1],[0,157],[3,23],[0,156],[3,25],[0,154],[3,27],[0,151],[3,31],[0,148],[3,33],[0,147],[3,33],[0,146],[3,35],[0,144],[3,37],[0,142],[3,39],[0,141],[3,15],[4,9],[3,15],[0,140],[3,14],[4,13],[3,14],[0,139],[3,13],[4,15],[3,13],[0,139],[3,12],[4,17],[3,12],[0,138],[3,12],[4,19],[3,12],[0,137],[3,12],[4,19],[3,12],[0,137],[3,11],[4,21],[3,11],[0,137],[3,11],[4,21],[3,11],[0,137],[3,11],[4,21],[3,11],[0,137],[3,11],[4,21],[3,11],[0,136],[2,1],[3,11],[4,21],[3,11],[2,1],[0,136],[3,11],[4,21],[3,11],[0,137],[3,11],[4,21],[3,11],[0,137],[3,11],[4,21],[3,11],[0,137],[3,11],[4,21],[3,11],[0,137],[3,12],[4,19],[3,12],[0,137],[3,12],[4,19],[3,12],[0,138],[3,12],[4,17],[3,12],[0,139],[3,13],[4,15],[3,13],[0,139],[3,14],[4,13],[3,14],[0,140],[3,15],[4,9],[3,15],[0,141],[3,39],[0,142],[3,37],[0,144],[3,35],[0,146],[3,33],[0,147],[3,33],[0,148],[3,31],[0,151],[3,27],[0,154],[3,25],[0,156],[3,23],[0,159],[3,19],[0,164],[3,13],[0,173],[2,1],[0,3143]]
,[[0,32400]]
,[[0,32400]]
,[[0,32400]]
,[[0,32400]]
],"explored":[[[false,32400]]
,[[false,32400]]
,[[false,32400]]
,[[false,32400]]
,[[false,32400]]
,[[false,32400]]
,[[false,32400]]
,[[false,32400]]
,[[false,32400]]
,[[false,32400]]
,[[false,32400]]
,[[false,32400]]
,[[false,32400]]
,[[false,32400]]
,[[false,32400]]
,[[false,32400]]
,[[false,32400]]
,[[false,32400]]
,[[false,32400]]
,[[false,32400]]
,[[false,32400]]
],"notes":[[],[],[],[],[],[],[],[],[],[],[[58,170,"R:HORROR",false,0]
,[119,107,"P:Part Donor Cars",false,0]
,[129,142,"Unfinished EVAC/planks",false,0]
,[47,147,"m:Civvie Heli Crash",false,0]
,[24,144,"HeatyBoy",false,0]
,[22,127,"dg:clay",false,0]
,[75,130,"C:P;Chainsaw",false,0]
,[55,145,"L:m;Lapin",false,0]
,[148,135,"C:dg;RCAR",false,0]
,[148,44,"W:W;Wheels",false,0]
],[],[],[],[],[],[],[],[],[],[]],"extras":[[],[],[],[],[],[],[],[],[[124,140,"mx_glass_and_crystal"]
,[127,140,"mx_nether_pond"]
,[137,140,"mx_nether_pond"]
,[142,140,"mx_glass_and_crystal"]
],[[93,167,"mx_military"]
,[90,115,"mx_house_spider"]
],[[11,166,"mx_apache_farm_landing"]
,[9,163,"mx_grass"]
,[9,164,"mx_grass"]
,[9,165,"mx_sand_patch"]
,[9,166,"mx_trees2"]
,[11,167,"mx_grass2"]
,[13,166,"mx_grass2"]
,[9,169,"mx_grass"]
,[11,169,"mx_grass"]
,[14,166,"mx_grass"]
,[115,134,"mx_grass2"]
,[15,166,"mx_point_dead_vegetation"]
,[22,164,"mx_shrubbery"]
,[30,165,"mx_nest_dermatik"]
,[32,157,"mx_strawberry_patch"]
,[26,158,"mx_pond_forest"]
,[35,153,"mx_grass2"]
,[36,153,"mx_reed"]
,[36,158,"mx_reed"]
,[37,161,"mx_blackberry_patch"]
,[38,161,"mx_reed"]
,[38,162,"mx_reed"]
,[39,162,"mx_reed"]
,[40,162,"mx_reed"]
,[40,163,"mx_reed"]
,[41,164,"mx_reed"]
,[34,166,"mx_grass2"]
,[31,165,"mx_grass"]
,[42,166,"mx_reed"]
,[37,168,"mx_sand_patch"]
,[39,169,"mx_point_burned_ground"]
,[44,168,"mx_reed"]
,[44,170,"mx_reed"]
,[41,172,"mx_grass"]
,[44,172,"mx_reed"]
,[42,175,"mx_knotweed_patch"]
,[46,173,"mx_reed"]
,[46,174,"mx_reed"]
,[46,176,"mx_reed"]
,[44,177,"mx_phavian_science"]
,[47,178,"mx_reed"]
,[37,179,"mx_corpses"]
,[38,174,"mx_trees2"]
,[38,172,"mx_grass"]
,[37,169,"mx_grass"]
,[48,167,"mx_reed"]
,[48,168,"mx_reed"]
,[49,168,"mx_reed"]
,[50,171,"mx_reed"]
,[51,167,"mx_grass2"]
,[54,167,"mx_pond"]
,[54,170,"mx_grass"]
,[53,174,"mx_reed"]
,[54,173,"mx_grass2"]
,[54,175,"mx_trees2"]
,[53,176,"mx_reed"]
,[56,173,"mx_fallen_shed"]
,[57,175,"mx_grass"]
,[58,175,"mx_trees2"]
,[59,170,"mx_sand_patch"]
,[59,174,"mx_grass2"]
,[58,168,"mx_grass"]
,[61,168,"mx_grave"]
,[66,168,"mx_grass2"]
,[67,172,"mx_grass"]
,[67,173,"mx_grass"]
,[63,166,"mx_grass2"]
,[64,166,"mx_trees"]
,[66,167,"mx_grass2"]
,[68,167,"mx_grass2"]
,[69,175,"mx_grass"]
,[73,177,"mx_shrubbery"]
,[75,177,"mx_grass2"]
,[76,177,"mx_trees2"]
,[77,177,"mx_grave"]
,[78,177,"mx_point_burned_ground"]
,[81,174,"mx_point_burned_ground"]
,[81,175,"mx_pond_forest"]
,[83,164,"mx_collegekids"]
,[79,164,"mx_pond_forest_2"]
,[79,163,"mx_grove"]
,[84,160,"mx_spider"]
,[89,171,"mx_grass2"]
,[92,170,"mx_grass2"]
,[93,169,"mx_mass_grave"]
,[93,170,"mx_point_dead_vegetation"]
,[95,170,"mx_grass2"]
,[95,171,"mx_trees"]
,[96,167,"mx_grass2"]
,[97,165,"mx_grass"]
,[98,169,"mx_knotweed_patch"]
,[99,167,"mx_grass2"]
,[100,167,"mx_grass"]
,[101,165,"mx_grass2"]
,[101,166,"mx_corpses"]
,[101,167,"mx_grass"]
,[101,168,"mx_grass"]
,[102,164,"mx_grass"]
,[103,168,"mx_knotweed_patch"]
,[100,160,"mx_raspberry_patch"]
,[105,162,"mx_point_dead_vegetation"]
,[100,153,"mx_point_dead_vegetation"]
,[104,152,"mx_point_burned_ground"]
,[107,147,"mx_clay_deposit"]
,[108,143,"mx_grass2"]
,[112,145,"mx_casings"]
,[113,140,"mx_grass2"]
,[108,137,"mx_grass"]
,[111,136,"mx_grass2"]
,[109,133,"mx_fallen_shed"]
,[111,133,"mx_mass_grave"]
,[108,136,"mx_collegekids"]
,[115,140,"mx_grass2"]
,[110,132,"mx_nest_wasp"]
,[113,132,"mx_grass"]
,[110,130,"mx_grass"]
,[109,129,"mx_point_dead_vegetation"]
,[110,129,"mx_grass2"]
,[113,129,"mx_point_dead_vegetation"]
,[108,149,"mx_grove"]
,[96,139,"mx_toxic_waste"]
,[93,138,"mx_point_burned_ground"]
,[99,137,"mx_point_burned_ground"]
,[111,127,"mx_trees"]
,[112,127,"mx_grass"]
,[109,128,"mx_grass2"]
,[118,126,"mx_grass"]
,[113,126,"mx_grass"]
,[114,124,"mx_casings"]
,[112,123,"mx_grass2"]
,[112,125,"mx_grass"]
,[112,122,"mx_grass"]
,[111,121,"mx_roadworks"]
,[109,122,"mx_pond"]
,[107,122,"mx_trees2"]
,[110,116,"mx_point_dead_vegetation"]
,[107,115,"mx_grass"]
,[106,117,"mx_trees2"]
,[105,115,"mx_grass"]
,[105,116,"mx_grass"]
,[106,112,"mx_grass2"]
,[106,111,"mx_point_burned_ground"]
,[104,113,"mx_point_dead_vegetation"]
,[103,113,"mx_fallen_shed"]
,[103,115,"mx_grass"]
,[104,106,"mx_pond"]
,[104,104,"mx_grass2"]
,[108,103,"mx_pond"]
,[110,103,"mx_grass2"]
,[107,102,"mx_grass"]
,[112,101,"mx_trees2"]
,[114,101,"mx_grass"]
,[112,100,"mx_grass2"]
,[115,100,"mx_grass"]
,[106,101,"mx_grass"]
,[105,98,"mx_grass"]
,[106,98,"mx_grass"]
,[107,98,"mx_grass2"]
,[103,97,"mx_grass2"]
,[102,103,"mx_fungal_zone"]
,[100,98,"mx_grass2"]
,[99,100,"mx_point_burned_ground"]
,[98,103,"mx_point_burned_ground"]
,[98,105,"mx_roadblock_mil"]
,[101,107,"mx_looters"]
,[102,107,"mx_fallen_shed"]
,[101,112,"mx_point_burned_ground"]
,[104,117,"mx_grass2"]
,[97,116,"mx_grass"]
,[95,112,"mx_grass2"]
,[95,114,"mx_grass"]
,[92,112,"mx_grass2"]
,[92,113,"mx_grass"]
,[92,115,"mx_grass"]
,[91,115,"mx_grass2"]
,[90,118,"mx_casings"]
,[91,119,"mx_alien_grass_3"]
,[88,122,"mx_reed"]
,[99,118,"mx_grass2"]
,[99,120,"mx_grass2"]
,[100,119,"mx_grass"]
,[103,118,"mx_phavian_science"]
,[121,129,"mx_alien_grass_2"]
,[121,124,"mx_trees2"]
,[122,124,"mx_grass"]
,[126,133,"mx_point_burned_ground"]
,[123,134,"mx_Trapdoor_spider_den"]
,[126,134,"mx_trees"]
,[123,135,"mx_trees"]
,[123,136,"mx_grass"]
,[119,138,"mx_grass2"]
,[122,139,"mx_grass2"]
,[118,141,"mx_trees"]
,[116,142,"mx_grass"]
,[119,142,"mx_grass"]
,[120,142,"mx_trees2"]
,[117,143,"mx_grass2"]
,[120,143,"mx_grass2"]
,[118,144,"mx_grass2"]
,[120,144,"mx_trees"]
,[121,145,"mx_grass2"]
,[136,143,"mx_shrubbery"]
,[128,146,"mx_casings"]
,[123,148,"mx_grass"]
,[122,146,"mx_trees2"]
,[121,147,"mx_alien_grass_4"]
,[121,148,"mx_grass"]
,[119,147,"mx_pond"]
,[120,123,"mx_corpses"]
,[89,142,"mx_grass"]
,[87,140,"mx_grass2"]
,[87,141,"mx_mass_grave"]
,[88,136,"mx_grove"]
,[86,141,"mx_grass"]
,[85,140,"mx_grass2"]
,[87,143,"mx_grass2"]
,[82,142,"mx_grass"]
,[87,144,"mx_point_dead_vegetation"]
,[81,142,"mx_grass2"]
,[82,146,"mx_drugdeal"]
,[85,146,"mx_grass"]
,[83,147,"mx_grass2"]
,[80,148,"mx_grass"]
,[84,149,"mx_grass"]
,[81,150,"mx_collegekids"]
,[78,151,"mx_alien_grass_2"]
,[77,149,"mx_grass"]
,[79,152,"mx_point_dead_vegetation"]
,[76,148,"mx_grass2"]
,[76,150,"mx_trees2"]
,[81,154,"mx_nest_wasp"]
,[81,155,"mx_grass2"]
,[82,156,"mx_grass2"]
,[80,157,"mx_casings"]
,[82,158,"mx_grave"]
,[81,159,"mx_pond"]
,[76,159,"mx_grass"]
,[71,157,"mx_grass"]
,[71,161,"mx_grass"]
,[71,162,"mx_sand_patch"]
,[70,158,"mx_grass"]
,[70,161,"mx_point_dead_vegetation"]
,[69,161,"mx_trees2"]
,[68,159,"mx_grass2"]
,[68,162,"mx_grass"]
,[67,158,"mx_grass2"]
,[64,162,"mx_point_burned_ground"]
,[66,163,"mx_trees"]
,[63,163,"mx_grass"]
,[61,162,"mx_grass"]
,[61,164,"mx_casings"]
,[65,164,"mx_grass"]
,[62,165,"mx_grass"]
,[59,165,"mx_grass"]
,[58,164,"mx_trees2"]
,[50,163,"mx_knotweed_patch"]
,[47,163,"mx_mass_grave"]
,[47,164,"mx_reed"]
,[48,162,"mx_pond"]
,[50,162,"mx_grass2"]
,[46,164,"mx_reed"]
,[47,161,"mx_trees"]
,[52,159,"mx_pond"]
,[47,157,"mx_spider"]
,[42,152,"mx_point_burned_ground"]
,[43,151,"mx_alien_grass_5"]
,[41,152,"mx_reed"]
,[40,151,"mx_reed"]
,[39,150,"mx_reed"]
,[39,151,"mx_reed"]
,[39,149,"mx_reed"]
,[38,148,"mx_riverside_jetski"]
,[41,145,"mx_grass"]
,[37,144,"mx_reed"]
,[38,143,"mx_grass"]
,[40,143,"mx_casings"]
,[38,142,"mx_trees"]
,[42,142,"mx_trees"]
,[38,141,"mx_grass"]
,[40,141,"mx_trees2"]
,[37,140,"mx_point_burned_ground"]
,[38,140,"mx_grass2"]
,[41,140,"mx_grass"]
,[40,139,"mx_grass2"]
,[41,139,"mx_sand_patch"]
,[44,139,"mx_grass"]
,[44,140,"mx_sand_patch"]
,[44,141,"mx_point_burned_ground"]
,[43,138,"mx_grass"]
,[41,137,"mx_grass"]
,[46,137,"mx_grass2"]
,[45,136,"mx_grass"]
,[41,135,"mx_point_dead_vegetation"]
,[47,140,"mx_point_dead_vegetation"]
,[48,135,"mx_grass2"]
,[47,134,"mx_grass"]
,[49,138,"mx_grass2"]
,[49,137,"mx_grass"]
,[49,135,"mx_grass2"]
,[45,133,"mx_grass"]
,[50,135,"mx_knotweed_patch"]
,[45,132,"mx_grass"]
,[51,133,"mx_point_burned_ground"]
,[53,132,"mx_grass"]
,[53,135,"mx_drugdeal"]
,[53,137,"mx_grass"]
,[54,133,"mx_grass"]
,[51,129,"mx_grass"]
,[55,133,"mx_grass2"]
,[55,134,"mx_casings"]
,[56,135,"mx_grass"]
,[55,129,"mx_pond"]
,[47,147,"mx_helicopter"]
,[48,156,"mx_point_burned_ground"]
,[31,150,"mx_knotweed_patch"]
,[32,150,"mx_pond"]
,[33,150,"mx_reed"]
,[31,148,"mx_point_dead_vegetation"]
,[29,148,"mx_knotweed_patch"]
,[32,146,"mx_reed"]
,[29,144,"mx_reed"]
,[30,144,"mx_riverside_boat"]
,[29,143,"mx_reed"]
,[28,145,"mx_grass"]
,[27,145,"mx_grass"]
,[27,147,"mx_trees"]
,[23,142,"mx_grass"]
,[23,143,"mx_grass2"]
,[23,144,"mx_knotweed_patch"]
,[21,145,"mx_grass"]
,[25,139,"mx_grass"]
,[26,139,"mx_grass2"]
,[27,138,"mx_knotweed_patch"]
,[22,137,"mx_trees"]
,[21,136,"mx_trees"]
,[27,130,"mx_reed"]
,[28,133,"mx_reed"]
,[28,134,"mx_reed"]
,[26,129,"mx_reed"]
,[24,127,"mx_reed"]
,[22,127,"mx_grass"]
,[22,128,"mx_clay_deposit"]
,[21,131,"mx_grass2"]
,[24,125,"mx_reed"]
,[22,124,"mx_casings"]
,[20,125,"mx_grass2"]
,[20,122,"mx_alien_grass"]
,[23,122,"mx_grass"]
,[19,121,"mx_corpses"]
,[16,126,"mx_pond"]
,[19,118,"mx_raspberry_patch"]
,[19,117,"mx_reed"]
,[12,130,"mx_grass2"]
,[9,131,"mx_point_dead_vegetation"]
,[11,131,"mx_point_burned_ground"]
,[12,132,"mx_grass"]
,[15,127,"mx_grass"]
,[15,130,"mx_point_burned_ground"]
,[16,130,"mx_grass2"]
,[14,134,"mx_grass"]
,[15,134,"mx_grass2"]
,[16,134,"mx_grass"]
,[17,135,"mx_grass2"]
,[18,132,"mx_pond"]
,[13,136,"mx_grass2"]
,[14,136,"mx_grass2"]
,[19,133,"mx_trees"]
,[20,132,"mx_collegekids"]
,[17,137,"mx_fallen_shed"]
,[21,132,"mx_glass_and_crystal"]
,[21,134,"mx_grass"]
,[16,138,"mx_grass"]
,[17,138,"mx_alien_grass"]
,[20,138,"mx_knotweed_patch"]
,[18,139,"mx_grass2"]
,[15,139,"mx_grass2"]
,[19,145,"mx_knotweed_patch"]
,[26,155,"mx_pond_forest_2"]
,[25,157,"mx_point_dead_vegetation"]
,[57,131,"mx_trees2"]
,[58,130,"mx_sand_patch"]
,[57,129,"mx_grass2"]
,[60,131,"mx_point_dead_vegetation"]
,[60,132,"mx_grass2"]
,[55,128,"mx_grass"]
,[60,128,"mx_grass2"]
,[61,128,"mx_grass"]
,[61,130,"mx_grass"]
,[57,127,"mx_grass"]
,[62,132,"mx_grass2"]
,[64,131,"mx_grass2"]
,[65,126,"mx_point_burned_ground"]
,[65,127,"mx_grass2"]
,[61,125,"mx_grass"]
,[65,125,"mx_grass"]
,[66,125,"mx_grass"]
,[67,124,"mx_grass2"]
,[67,125,"mx_sand_patch"]
,[70,110,"mx_grass"]
,[58,125,"mx_point_dead_vegetation"]
,[54,126,"mx_grass2"]
,[50,126,"mx_grass"]
,[51,144,"mx_clay_deposit"]
,[88,173,"mx_alien_grove"]
,[140,144,"mx_casings"]
,[141,141,"mx_blueberry_patch"]
,[147,144,"mx_roadworks"]
,[147,147,"mx_point_burned_ground"]
,[153,144,"mx_roadblock"]
,[155,147,"mx_casings"]
,[152,139,"mx_alien_grass_5"]
,[154,136,"mx_grass"]
,[156,135,"mx_trees"]
,[153,135,"mx_point_burned_ground"]
,[150,135,"mx_grass"]
,[148,128,"mx_sand_patch"]
,[146,127,"mx_mayhem"]
,[149,128,"mx_grass"]
,[146,124,"mx_pond"]
,[148,122,"mx_trees2"]
,[148,121,"mx_grass"]
,[136,121,"mx_point_burned_ground"]
,[138,114,"mx_point_burned_ground"]
,[147,104,"mx_point_dead_vegetation"]
,[143,100,"mx_point_dead_vegetation"]
,[143,98,"mx_alien_grove"]
,[136,97,"mx_point_burned_ground"]
,[136,92,"mx_shrubbery"]
,[131,94,"mx_grove"]
,[135,105,"mx_point_dead_vegetation"]
,[135,106,"mx_point_dead_vegetation"]
,[131,100,"mx_drugdeal"]
,[128,102,"mx_blackberry_patch"]
,[138,110,"mx_point_burned_ground"]
,[133,112,"mx_nest_wasp"]
,[133,116,"mx_point_dead_vegetation"]
,[134,122,"mx_nether_pond"]
,[142,128,"mx_point_dead_vegetation"]
,[141,129,"mx_hobblebush_patch"]
,[149,119,"mx_blueberry_patch"]
,[155,111,"mx_knotweed_patch"]
,[160,110,"mx_mass_grave"]
,[160,112,"mx_point_burned_ground"]
,[160,113,"mx_nether_pond"]
,[161,112,"mx_grass"]
,[161,114,"mx_grass2"]
,[162,111,"mx_grass"]
,[162,116,"mx_knotweed_patch"]
,[161,117,"mx_grass"]
,[165,110,"mx_grass"]
,[167,114,"mx_grass2"]
,[165,117,"mx_grass"]
,[166,117,"mx_grass"]
,[168,114,"mx_knotweed_patch"]
,[168,111,"mx_grass"]
,[173,111,"mx_pond"]
,[168,108,"mx_trees2"]
,[170,108,"mx_sand_patch"]
,[156,109,"mx_corpses"]
,[159,108,"mx_grass"]
,[161,107,"mx_trees"]
,[161,108,"mx_grass"]
,[154,106,"mx_point_dead_vegetation"]
,[152,105,"mx_casings"]
,[154,89,"mx_point_dead_vegetation"]
,[153,75,"mx_point_dead_vegetation"]
,[154,75,"mx_point_burned_ground"]
,[155,71,"mx_grass2"]
,[157,73,"mx_grass2"]
,[150,73,"mx_grass"]
,[149,71,"mx_sand_patch"]
,[148,70,"mx_grass"]
,[148,73,"mx_grass2"]
,[147,71,"mx_grass2"]
,[145,74,"mx_grass"]
,[144,75,"mx_prison_bus"]
,[143,73,"mx_point_burned_ground"]
,[143,76,"mx_grass"]
,[141,72,"mx_point_burned_ground"]
,[140,73,"mx_trees"]
,[140,74,"mx_grass2"]
,[139,75,"mx_grass"]
,[136,82,"mx_hobblebush_patch"]
,[131,85,"mx_grass"]
,[132,89,"mx_grass2"]
,[126,90,"mx_grass2"]
,[129,95,"mx_autumn_olive_patch"]
,[126,107,"mx_pond_forest_2"]
,[127,108,"mx_shrubbery"]
,[126,111,"mx_grove"]
,[128,116,"mx_grove"]
,[126,123,"mx_grass"]
,[127,126,"mx_trees2"]
,[117,145,"mx_grass2"]
,[76,145,"mx_grass"]
,[75,145,"mx_point_dead_vegetation"]
,[75,148,"mx_grass2"]
,[74,146,"mx_pond_forest_2"]
,[73,150,"mx_trees2"]
,[73,151,"mx_grass"]
,[72,150,"mx_trees2"]
,[71,151,"mx_grass2"]
,[70,150,"mx_grass2"]
,[69,149,"mx_grass"]
,[69,152,"mx_point_burned_ground"]
,[68,150,"mx_grass2"]
,[67,152,"mx_grass2"]
,[69,153,"mx_fallen_shed"]
,[70,153,"mx_point_dead_vegetation"]
,[69,154,"mx_grass"]
,[68,163,"mx_trees"]
,[66,174,"mx_casings"]
,[89,143,"mx_grass"]
,[113,99,"mx_grass"]
,[114,99,"mx_grass2"]
,[115,98,"mx_grass"]
,[118,100,"mx_blackberry_patch"]
,[117,97,"mx_grass2"]
,[116,96,"mx_trees"]
,[120,99,"mx_grass2"]
,[117,95,"mx_grass2"]
,[157,83,"mx_alien_grass_2"]
,[150,140,"mx_casings"]
,[148,88,"mx_drugdeal"]
,[144,88,"mx_point_dead_vegetation"]
,[142,92,"mx_mass_grave"]
,[145,95,"mx_grave"]
,[162,90,"mx_casings"]
,[154,69,"mx_grass2"]
,[139,72,"mx_grass2"]
,[137,72,"mx_trees"]
,[135,72,"mx_grass2"]
,[135,73,"mx_pond"]
,[134,71,"mx_trees"]
,[134,73,"mx_pond"]
,[133,70,"mx_grass"]
,[131,68,"mx_fallen_shed"]
,[134,64,"mx_grass2"]
,[138,64,"mx_grass2"]
,[139,66,"mx_grass2"]
,[138,63,"mx_grass2"]
,[136,61,"mx_grass2"]
,[141,60,"mx_grass2"]
,[143,61,"mx_sand_patch"]
,[143,64,"mx_grass"]
,[138,59,"mx_grass2"]
,[142,59,"mx_alien_grass"]
,[143,59,"mx_knotweed_patch"]
,[137,59,"mx_collegekids"]
,[138,57,"mx_grass"]
,[143,55,"mx_dermatikvictim"]
,[144,53,"mx_casings"]
,[144,51,"mx_trees2"]
,[144,50,"mx_point_dead_vegetation"]
,[146,48,"mx_fallen_shed"]
,[148,47,"mx_grass2"]
,[148,48,"mx_grass2"]
,[145,43,"mx_grass2"]
,[150,46,"mx_knotweed_patch"]
,[150,47,"mx_grass2"]
,[150,48,"mx_grass2"]
,[151,46,"mx_knotweed_patch"]
,[154,48,"mx_grass2"]
,[156,44,"mx_grass2"]
,[153,42,"mx_point_burned_ground"]
,[156,42,"mx_grass"]
,[157,46,"mx_grass2"]
,[152,41,"mx_grass2"]
,[155,41,"mx_science"]
,[154,40,"mx_point_dead_vegetation"]
,[153,39,"mx_grass"]
,[152,38,"mx_nest_wasp"]
,[155,36,"mx_grass2"]
,[160,41,"mx_grass2"]
,[160,42,"mx_trees"]
,[160,43,"mx_grass"]
,[161,44,"mx_grass2"]
,[163,37,"mx_grass"]
,[164,41,"mx_grass2"]
,[164,43,"mx_fallen_shed"]
,[169,40,"mx_point_dead_vegetation"]
,[169,41,"mx_grass"]
,[169,43,"mx_grass"]
,[164,36,"mx_grass"]
,[165,33,"mx_grass2"]
,[167,32,"mx_grass"]
,[168,32,"mx_grass"]
,[167,31,"mx_grass2"]
,[167,30,"mx_trees2"]
,[169,29,"mx_grass"]
,[168,28,"mx_grass"]
,[167,27,"mx_grass2"]
,[169,27,"mx_point_burned_ground"]
,[165,26,"mx_grass2"]
,[167,26,"mx_grass2"]
,[163,32,"mx_sand_patch"]
,[167,44,"mx_trees2"]
,[170,45,"mx_trees"]
,[171,43,"mx_grass"]
,[171,45,"mx_nest_wasp"]
,[172,45,"mx_pond"]
,[162,47,"mx_trees"]
,[164,56,"mx_mayhem"]
,[174,42,"mx_grass2"]
,[174,43,"mx_fallen_shed"]
,[175,42,"mx_grass2"]
,[176,43,"mx_grass"]
,[176,46,"mx_grass"]
,[178,43,"mx_grass2"]
,[178,47,"mx_grass"]
,[175,50,"mx_pond"]
,[176,50,"mx_trees"]
,[175,51,"mx_grass"]
,[179,48,"mx_point_dead_vegetation"]
,[179,49,"mx_trees2"]
,[179,52,"mx_grass"]
,[177,53,"mx_grass"]
,[178,53,"mx_grass2"]
,[178,54,"mx_grass"]
,[178,55,"mx_grass"]
,[179,55,"mx_drugdeal"]
,[176,56,"mx_grass2"]
,[177,56,"mx_grass"]
,[177,57,"mx_grass"]
,[179,64,"mx_grass"]
,[176,61,"mx_trees2"]
,[176,62,"mx_grass2"]
,[176,65,"mx_grass"]
,[175,61,"mx_grass"]
,[175,64,"mx_trees2"]
,[176,67,"mx_grass"]
,[175,70,"mx_grass2"]
,[177,70,"mx_grass"]
,[179,70,"mx_grass"]
,[176,72,"mx_grass2"]
,[176,73,"mx_grass"]
,[177,74,"mx_grass2"]
,[175,76,"mx_trees"]
,[178,78,"mx_grass2"]
,[179,83,"mx_grass2"]
,[176,149,"mx_alien_grass_2"]
,[177,156,"mx_trees2"]
,[178,156,"mx_trees2"]
,[174,157,"mx_grass2"]
,[175,158,"mx_point_burned_ground"]
,[178,158,"mx_point_burned_ground"]
,[179,158,"mx_science"]
,[173,152,"mx_spider"]
],[[101,151,"mx_dormant"]
,[157,145,"mx_dormant"]
],[],[],[],[],[],[],[],[],[]]}