# version 39
{"visible":[[[0,32400]]
,[[0,32400]]
,[[0,32400]]
,[[0,32400]]
,[[0,32400]]
,[[0,32400]]
,[[0,32400]]
,[[0,32400]]
,[[0,32400]]
,[[0,32400]]
,[[0,27676],[4,1],[0,176],[4,7],[0,171],[4,11],[0,168],[4,13],[0,167],[4,13],[0,166],[4,15],[0,164],[4,16],[0,163],[4,17],[0,161],[4,20],[0,160],[4,19],[0,160],[4,20],[0,160],[4,20],[0,160],[4,19],[0,161],[4,19],[0,161],[4,18],[0,162],[4,7],[0,2],[4,7],[0,164],[4,7],[0,5],[4,1],[0,167],[4,7],[0,173],[4,7],[0,173],[4,7],[0,173],[4,7],[3,1],[0,2],[3,1],[0,1],[3,1],[0,167],[4,7],[3,1],[0,1],[3,5],[0,166],[4,8],[3,5],[0,167],[4,9],[3,5],[0,166],[4,9],[3,4],[0,167],[4,9],[3,5],[0,166],[4,8],[0,48]]
,[[0,32400]]
,[[0,32400]]
,[[0,32400]]
,[[0,32400]]
,[[0,32400]]
,[[0,32400]]
,[[0,32400]]
,[[0,32400]]
,[[0,32400]]
,[[0,32400]]
],"explored":[[[false,32400]]
,[[false,32400]]
,[[false,32400]]
,[[false,32400]]
,[[false,32400]]
,[[false,32400]]
,[[false,32400]]
,[[false,32400]]
,[[false,32400]]
,[[false,32400]]
,[[false,32400]]
,[[false,32400]]
,[[false,32400]]
,[[false,32400]]
,[[false,32400]]
,[[false,32400]]
,[[false,32400]]
,[[false,32400]]
,[[false,32400]]
,[[false,32400]]
,[[false,32400]]
],"notes":[[],[],[],[],[],[],[],[],[],[],[],[],[],[],[],[],[],[],[],[],[]],"extras":[[],[],[],[],[],[],[],[],[],[],[[126,179,"mx_grass"]
,[128,176,"mx_grass"]
,[129,178,"mx_grass2"]
,[131,177,"mx_point_burned_ground"]
],[],[],[],[],[],[],[],[],[],[]]}