# version 39
{"visible":[[[0,32400]]
,[[0,32400]]
,[[0,32400]]
,[[0,32400]]
,[[0,32400]]
,[[0,32400]]
,[[0,32400]]
,[[0,32400]]
,[[0,32400]]
,[[0,32400]]
,[[0,22675],[2,1],[0,173],[3,11],[0,167],[3,13],[0,165],[3,15],[0,163],[2,1],[3,16],[0,162],[3,18],[0,161],[3,19],[0,160],[3,20],[0,159],[2,1],[3,20],[0,159],[3,21],[0,158],[3,22],[0,158],[3,13],[4,9],[0,157],[3,13],[4,10],[0,157],[3,11],[4,12],[0,156],[3,12],[4,12],[0,156],[3,11],[4,13],[0,156],[3,10],[4,14],[0,156],[3,10],[4,14],[0,156],[3,10],[4,14],[0,156],[3,10],[4,14],[0,155],[2,1],[3,10],[4,14],[0,156],[3,7],[4,17],[0,155],[2,1],[3,5],[4,19],[0,156],[3,4],[4,20],[0,156],[3,3],[4,21],[0,156],[3,2],[4,22],[0,156],[3,2],[4,22],[0,156],[3,1],[4,9],[3,1],[4,13],[0,156],[3,1],[4,8],[3,3],[4,12],[0,157],[4,7],[3,4],[4,12],[0,157],[4,7],[3,6],[4,10],[0,155],[4,1],[0,1],[4,7],[3,7],[4,9],[0,152],[4,12],[3,10],[4,4],[3,2],[0,150],[4,14],[3,10],[4,4],[3,2],[0,149],[4,15],[3,16],[0,149],[4,15],[3,16],[0,148],[4,16],[3,16],[0,148],[4,15],[3,17],[0,148],[4,15],[2,1],[3,16],[0,147],[4,17],[0,1],[3,15],[0,148],[4,15],[0,4],[3,13],[0,148],[4,15],[0,6],[3,11],[0,148],[4,15],[0,11],[3,5],[0,150],[4,13],[0,12],[3,5],[0,150],[4,13],[0,12],[2,1],[0,155],[4,11],[0,171],[4,7],[0,176],[4,1],[0,1284]]
,[[0,22675],[2,1],[0,173],[3,11],[0,167],[3,13],[0,165],[3,15],[0,163],[2,1],[3,16],[0,162],[3,18],[0,161],[3,19],[0,160],[3,20],[0,159],[2,1],[3,20],[0,159],[3,21],[0,158],[3,22],[0,158],[3,13],[4,9],[0,157],[3,13],[4,10],[0,157],[3,11],[4,12],[0,156],[3,12],[4,12],[0,156],[3,11],[4,13],[0,156],[3,10],[4,14],[0,156],[3,10],[4,14],[0,156],[3,10],[4,14],[0,156],[3,10],[4,14],[0,155],[2,1],[3,10],[4,14],[0,156],[3,10],[4,14],[0,155],[2,1],[3,10],[4,14],[0,156],[3,10],[4,14],[0,156],[3,10],[4,14],[0,156],[3,10],[4,14],[0,156],[3,10],[4,14],[0,156],[3,11],[4,13],[0,156],[3,12],[4,12],[0,157],[3,11],[4,12],[0,157],[3,13],[4,10],[0,158],[3,13],[4,9],[0,158],[3,22],[0,159],[3,21],[0,159],[2,1],[3,20],[0,160],[3,20],[0,161],[3,19],[0,162],[3,18],[0,163],[2,1],[3,16],[0,165],[3,15],[0,167],[3,13],[0,169],[3,11],[0,175],[2,1],[0,2164]]
,[[0,22675],[2,1],[0,173],[3,11],[0,167],[3,13],[0,165],[3,15],[0,163],[2,1],[3,16],[0,162],[3,18],[0,161],[3,19],[0,160],[3,20],[0,159],[2,1],[3,20],[0,159],[3,21],[0,158],[3,22],[0,158],[3,13],[4,9],[0,157],[3,13],[4,10],[0,157],[3,11],[4,12],[0,156],[3,12],[4,12],[0,156],[3,11],[4,13],[0,156],[3,10],[4,14],[0,156],[3,10],[4,14],[0,156],[3,10],[4,14],[0,156],[3,10],[4,14],[0,155],[2,1],[3,10],[4,14],[0,156],[3,10],[4,14],[0,155],[2,1],[3,10],[4,14],[0,156],[3,10],[4,14],[0,156],[3,10],[4,14],[0,156],[3,10],[4,14],[0,156],[3,10],[4,14],[0,156],[3,11],[4,13],[0,156],[3,12],[4,12],[0,157],[3,11],[4,12],[0,157],[3,13],[4,10],[0,158],[3,13],[4,9],[0,158],[3,22],[0,159],[3,21],[0,159],[2,1],[3,20],[0,160],[3,20],[0,161],[3,19],[0,162],[3,18],[0,163],[2,1],[3,16],[0,165],[3,15],[0,167],[3,13],[0,169],[3,11],[0,175],[2,1],[0,2164]]
,[[0,22675],[2,1],[0,173],[3,11],[0,167],[3,13],[0,165],[3,15],[0,163],[2,1],[3,16],[0,162],[3,18],[0,161],[3,19],[0,160],[3,20],[0,159],[2,1],[3,20],[0,159],[3,21],[0,158],[3,22],[0,158],[3,13],[4,9],[0,157],[3,13],[4,10],[0,157],[3,11],[4,12],[0,156],[3,12],[4,12],[0,156],[3,11],[4,13],[0,156],[3,10],[4,14],[0,156],[3,10],[4,14],[0,156],[3,10],[4,14],[0,156],[3,10],[4,14],[0,155],[2,1],[3,10],[4,14],[0,156],[3,10],[4,14],[0,155],[2,1],[3,10],[4,14],[0,156],[3,10],[4,14],[0,156],[3,10],[4,14],[0,156],[3,10],[4,14],[0,156],[3,10],[4,14],[0,156],[3,11],[4,13],[0,156],[3,12],[4,12],[0,157],[3,11],[4,12],[0,157],[3,13],[4,10],[0,158],[3,13],[4,9],[0,158],[3,22],[0,159],[3,21],[0,159],[2,1],[3,20],[0,160],[3,20],[0,161],[3,19],[0,162],[3,18],[0,163],[2,1],[3,16],[0,165],[3,15],[0,167],[3,13],[0,169],[3,11],[0,175],[2,1],[0,2164]]
,[[0,22675],[2,1],[0,173],[3,11],[0,167],[3,13],[0,165],[3,15],[0,163],[2,1],[3,16],[0,162],[3,18],[0,161],[3,19],[0,160],[3,20],[0,159],[2,1],[3,20],[0,159],[3,21],[0,158],[3,22],[0,158],[3,13],[4,9],[0,157],[3,13],[4,10],[0,157],[3,11],[4,12],[0,156],[3,12],[4,12],[0,156],[3,11],[4,13],[0,156],[3,10],[4,14],[0,156],[3,10],[4,14],[0,156],[3,10],[4,14],[0,156],[3,10],[4,14],[0,155],[2,1],[3,10],[4,14],[0,156],[3,10],[4,14],[0,155],[2,1],[3,10],[4,14],[0,156],[3,10],[4,14],[0,156],[3,10],[4,14],[0,156],[3,10],[4,14],[0,156],[3,10],[4,14],[0,156],[3,11],[4,13],[0,156],[3,12],[4,12],[0,157],[3,11],[4,12],[0,157],[3,13],[4,10],[0,158],[3,13],[4,9],[0,158],[3,22],[0,159],[3,21],[0,159],[2,1],[3,20],[0,160],[3,20],[0,161],[3,19],[0,162],[3,18],[0,163],[2,1],[3,16],[0,165],[3,15],[0,167],[3,13],[0,169],[3,11],[0,175],[2,1],[0,2164]]
,[[0,22675],[2,1],[0,173],[3,11],[0,167],[3,13],[0,165],[3,15],[0,163],[2,1],[3,16],[0,162],[3,18],[0,161],[3,19],[0,160],[3,20],[0,159],[2,1],[3,20],[0,159],[3,21],[0,158],[3,22],[0,158],[3,13],[4,9],[0,157],[3,13],[4,10],[0,157],[3,11],[4,12],[0,156],[3,12],[4,12],[0,156],[3,11],[4,13],[0,156],[3,10],[4,14],[0,156],[3,10],[4,14],[0,156],[3,10],[4,14],[0,156],[3,10],[4,14],[0,155],[2,1],[3,10],[4,14],[0,156],[3,10],[4,14],[0,155],[2,1],[3,10],[4,14],[0,156],[3,10],[4,14],[0,156],[3,10],[4,14],[0,156],[3,10],[4,14],[0,156],[3,10],[4,14],[0,156],[3,11],[4,13],[0,156],[3,12],[4,12],[0,157],[3,11],[4,12],[0,157],[3,13],[4,10],[0,158],[3,13],[4,9],[0,158],[3,22],[0,159],[3,21],[0,159],[2,1],[3,20],[0,160],[3,20],[0,161],[3,19],[0,162],[3,18],[0,163],[2,1],[3,16],[0,165],[3,15],[0,167],[3,13],[0,169],[3,11],[0,175],[2,1],[0,2164]]
,[[0,32400]]
,[[0,32400]]
,[[0,32400]]
,[[0,32400]]
,[[0,32400]]
],"explored":[[[false,32400]]
,[[false,32400]]
,[[false,32400]]
,[[false,32400]]
,[[false,32400]]
,[[false,32400]]
,[[false,32400]]
,[[false,32400]]
,[[false,32400]]
,[[false,32400]]
,[[false,32400]]
,[[false,32400]]
,[[false,32400]]
,[[false,32400]]
,[[false,32400]]
,[[false,32400]]
,[[false,32400]]
,[[false,32400]]
,[[false,32400]]
,[[false,32400]]
,[[false,32400]]
],"notes":[[],[],[],[],[],[],[],[],[],[],[],[],[],[],[],[],[],[],[],[],[]],"extras":[[],[],[],[],[],[],[],[],[],[],[[167,149,"mx_clearcut"]
,[168,145,"mx_casings"]
,[176,146,"mx_clay_deposit"]
,[175,151,"mx_grass2"]
,[174,152,"mx_point_burned_ground"]
],[],[],[],[],[],[],[],[],[],[]]}