# version 39
{"visible":[[[0,32400]]
,[[0,32400]]
,[[0,32400]]
,[[0,32400]]
,[[0,32400]]
,[[0,32400]]
,[[0,32400]]
,[[0,32400]]
,[[0,32400]]
,[[0,32400]]
,[[0,22680],[3,2],[0,178],[3,4],[0,176],[3,6],[0,174],[3,7],[2,1],[0,172],[3,9],[0,171],[3,10],[0,170],[3,11],[0,169],[3,11],[2,1],[0,168],[3,12],[0,168],[3,13],[0,167],[3,13],[0,167],[4,1],[3,13],[0,166],[4,3],[3,11],[0,166],[4,3],[3,12],[0,165],[4,4],[3,11],[0,165],[4,5],[3,10],[0,165],[4,5],[3,10],[0,165],[4,5],[3,10],[0,165],[4,5],[3,10],[0,165],[4,5],[3,10],[2,1],[0,164],[4,5],[3,10],[0,165],[4,5],[3,10],[2,1],[0,164],[4,5],[3,10],[0,165],[4,5],[3,10],[0,165],[4,5],[3,10],[0,165],[4,5],[3,10],[0,165],[4,4],[3,11],[0,165],[4,3],[3,12],[0,165],[4,3],[3,11],[0,166],[4,1],[3,13],[0,166],[3,13],[0,167],[3,13],[0,167],[3,12],[0,168],[3,11],[2,1],[0,168],[3,11],[0,169],[3,10],[0,170],[3,9],[0,171],[3,7],[2,1],[0,172],[3,6],[0,174],[3,4],[0,176],[3,2],[0,2518]]
,[[0,22680],[3,2],[0,178],[3,4],[0,176],[3,6],[0,174],[3,7],[2,1],[0,172],[3,9],[0,171],[3,10],[0,170],[3,11],[0,169],[3,11],[2,1],[0,168],[3,12],[0,168],[3,13],[0,167],[3,13],[0,167],[4,1],[3,13],[0,166],[4,3],[3,11],[0,166],[4,3],[3,12],[0,165],[4,4],[3,11],[0,165],[4,5],[3,10],[0,165],[4,5],[3,10],[0,165],[4,5],[3,10],[0,165],[4,5],[3,10],[0,165],[4,5],[3,10],[2,1],[0,164],[4,5],[3,10],[0,165],[4,5],[3,10],[2,1],[0,164],[4,5],[3,10],[0,165],[4,5],[3,10],[0,165],[4,5],[3,10],[0,165],[4,5],[3,10],[0,165],[4,4],[3,11],[0,165],[4,3],[3,12],[0,165],[4,3],[3,11],[0,166],[4,1],[3,13],[0,166],[3,13],[0,167],[3,13],[0,167],[3,12],[0,168],[3,11],[2,1],[0,168],[3,11],[0,169],[3,10],[0,170],[3,9],[0,171],[3,7],[2,1],[0,172],[3,6],[0,174],[3,4],[0,176],[3,2],[0,2518]]
,[[0,22680],[3,2],[0,178],[3,4],[0,176],[3,6],[0,174],[3,7],[2,1],[0,172],[3,9],[0,171],[3,10],[0,170],[3,11],[0,169],[3,11],[2,1],[0,168],[3,12],[0,168],[3,13],[0,167],[3,13],[0,167],[4,1],[3,13],[0,166],[4,3],[3,11],[0,166],[4,3],[3,12],[0,165],[4,4],[3,11],[0,165],[4,5],[3,10],[0,165],[4,5],[3,10],[0,165],[4,5],[3,10],[0,165],[4,5],[3,10],[0,165],[4,5],[3,10],[2,1],[0,164],[4,5],[3,10],[0,165],[4,5],[3,10],[2,1],[0,164],[4,5],[3,10],[0,165],[4,5],[3,10],[0,165],[4,5],[3,10],[0,165],[4,5],[3,10],[0,165],[4,4],[3,11],[0,165],[4,3],[3,12],[0,165],[4,3],[3,11],[0,166],[4,1],[3,13],[0,166],[3,13],[0,167],[3,13],[0,167],[3,12],[0,168],[3,11],[2,1],[0,168],[3,11],[0,169],[3,10],[0,170],[3,9],[0,171],[3,7],[2,1],[0,172],[3,6],[0,174],[3,4],[0,176],[3,2],[0,2518]]
,[[0,22680],[3,2],[0,178],[3,4],[0,176],[3,6],[0,174],[3,7],[2,1],[0,172],[3,9],[0,171],[3,10],[0,170],[3,11],[0,169],[3,11],[2,1],[0,168],[3,12],[0,168],[3,13],[0,167],[3,13],[0,167],[4,1],[3,13],[0,166],[4,3],[3,11],[0,166],[4,3],[3,12],[0,165],[4,4],[3,11],[0,165],[4,5],[3,10],[0,165],[4,5],[3,10],[0,165],[4,5],[3,10],[0,165],[4,5],[3,10],[0,165],[4,5],[3,10],[2,1],[0,164],[4,5],[3,10],[0,165],[4,5],[3,10],[2,1],[0,164],[4,5],[3,10],[0,165],[4,5],[3,10],[0,165],[4,5],[3,10],[0,165],[4,5],[3,10],[0,165],[4,4],[3,11],[0,165],[4,3],[3,12],[0,165],[4,3],[3,11],[0,166],[4,1],[3,13],[0,166],[3,13],[0,167],[3,13],[0,167],[3,12],[0,168],[3,11],[2,1],[0,168],[3,11],[0,169],[3,10],[0,170],[3,9],[0,171],[3,7],[2,1],[0,172],[3,6],[0,174],[3,4],[0,176],[3,2],[0,2518]]
,[[0,22680],[3,2],[0,178],[3,4],[0,176],[3,6],[0,174],[3,7],[2,1],[0,172],[3,9],[0,171],[3,10],[0,170],[3,11],[0,169],[3,11],[2,1],[0,168],[3,12],[0,168],[3,13],[0,167],[3,13],[0,167],[4,1],[3,13],[0,166],[4,3],[3,11],[0,166],[4,3],[3,12],[0,165],[4,4],[3,11],[0,165],[4,5],[3,10],[0,165],[4,5],[3,10],[0,165],[4,5],[3,10],[0,165],[4,5],[3,10],[0,165],[4,5],[3,10],[2,1],[0,164],[4,5],[3,10],[0,165],[4,5],[3,10],[2,1],[0,164],[4,5],[3,10],[0,165],[4,5],[3,10],[0,165],[4,5],[3,10],[0,165],[4,5],[3,10],[0,165],[4,4],[3,11],[0,165],[4,3],[3,12],[0,165],[4,3],[3,11],[0,166],[4,1],[3,13],[0,166],[3,13],[0,167],[3,13],[0,167],[3,12],[0,168],[3,11],[2,1],[0,168],[3,11],[0,169],[3,10],[0,170],[3,9],[0,171],[3,7],[2,1],[0,172],[3,6],[0,174],[3,4],[0,176],[3,2],[0,2518]]
,[[0,22680],[3,2],[0,178],[3,4],[0,176],[3,6],[0,174],[3,7],[2,1],[0,172],[3,9],[0,171],[3,10],[0,170],[3,11],[0,169],[3,11],[2,1],[0,168],[3,12],[0,168],[3,13],[0,167],[3,13],[0,167],[4,1],[3,13],[0,166],[4,3],[3,11],[0,166],[4,3],[3,12],[0,165],[4,4],[3,11],[0,165],[4,5],[3,10],[0,165],[4,5],[3,10],[0,165],[4,5],[3,10],[0,165],[4,5],[3,10],[0,165],[4,5],[3,10],[2,1],[0,164],[4,5],[3,10],[0,165],[4,5],[3,10],[2,1],[0,164],[4,5],[3,10],[0,165],[4,5],[3,10],[0,165],[4,5],[3,10],[0,165],[4,5],[3,10],[0,165],[4,4],[3,11],[0,165],[4,3],[3,12],[0,165],[4,3],[3,11],[0,166],[4,1],[3,13],[0,166],[3,13],[0,167],[3,13],[0,167],[3,12],[0,168],[3,11],[2,1],[0,168],[3,11],[0,169],[3,10],[0,170],[3,9],[0,171],[3,7],[2,1],[0,172],[3,6],[0,174],[3,4],[0,176],[3,2],[0,2518]]
,[[0,32400]]
,[[0,32400]]
,[[0,32400]]
,[[0,32400]]
,[[0,32400]]
],"explored":[[[false,32400]]
,[[false,32400]]
,[[false,32400]]
,[[false,32400]]
,[[false,32400]]
,[[false,32400]]
,[[false,32400]]
,[[false,32400]]
,[[false,32400]]
,[[false,32400]]
,[[false,32400]]
,[[false,32400]]
,[[false,32400]]
,[[false,32400]]
,[[false,32400]]
,[[false,32400]]
,[[false,32400]]
,[[false,32400]]
,[[false,32400]]
,[[false,32400]]
,[[false,32400]]
],"notes":[[],[],[],[],[],[],[],[],[],[],[],[],[],[],[],[],[],[],[],[],[]],"extras":[[],[],[],[],[],[],[],[],[],[],[],[],[],[],[],[],[],[],[],[],[]]}